1.0000	0.6915	0.6773	0.5981	0.7496	0.7576	0.7412	0.6091	0.6195	0.7658	0.7658	0.7352	0.7015	0.6475	0.7576	0.6416	0.6381	0.6407	0.7118	0.6705
0.6915	1.0000	0.6407	0.5952	0.6427	0.7646	0.6056	0.6543	0.6672	0.7168	0.7168	0.6210	0.6557	0.5995	0.7856	0.6997	0.7012	0.6873	0.6014	0.6128
0.6773	0.6407	1.0000	0.6520	0.7119	0.6432	0.6715	0.7043	0.6535	0.6173	0.6173	0.6241	0.6209	0.7232	0.6339	0.5948	0.6773	0.6655	0.7256	0.7309
0.5981	0.5952	0.6520	1.0000	0.6269	0.6407	0.6075	0.6807	0.6424	0.6277	0.6277	0.5574	0.6279	0.5824	0.6213	0.6354	0.6653	0.6796	0.6059	0.6216
0.7496	0.6427	0.7119	0.6269	1.0000	0.7240	0.7699	0.6480	0.6476	0.6668	0.6668	0.6609	0.6686	0.6234	0.7085	0.6329	0.6667	0.6737	0.6891	0.6891
0.7576	0.7646	0.6432	0.6407	0.7240	1.0000	0.6428	0.6810	0.7056	0.7865	0.7865	0.6586	0.7265	0.5871	0.8626	0.7022	0.7149	0.7298	0.6319	0.6397
0.7412	0.6056	0.6715	0.6075	0.7699	0.6428	1.0000	0.6114	0.6136	0.7135	0.7135	0.7232	0.6721	0.6788	0.6419	0.5967	0.6285	0.6244	0.7354	0.7047
0.6091	0.6543	0.7043	0.6807	0.6480	0.6810	0.6114	1.0000	0.7574	0.6498	0.6498	0.5775	0.6765	0.6211	0.6566	0.6223	0.7563	0.7527	0.6420	0.6737
0.6195	0.6672	0.6535	0.6424	0.6476	0.7056	0.6136	0.7574	1.0000	0.6825	0.6825	0.5795	0.7039	0.5921	0.6694	0.6175	0.8088	0.7889	0.6343	0.6531
0.7658	0.7168	0.6173	0.6277	0.6668	0.7865	0.7135	0.6498	0.6825	1.0000	1.0000	0.7347	0.7429	0.6221	0.7648	0.6737	0.6959	0.6979	0.6707	0.6593
0.7658	0.7168	0.6173	0.6277	0.6668	0.7865	0.7135	0.6498	0.6825	1.0000	1.0000	0.7347	0.7429	0.6221	0.7648	0.6737	0.6959	0.6979	0.6707	0.6593
0.7352	0.6210	0.6241	0.5574	0.6609	0.6586	0.7232	0.5775	0.5795	0.7347	0.7347	1.0000	0.6302	0.6309	0.6573	0.5723	0.5890	0.5871	0.6770	0.6659
0.7015	0.6557	0.6209	0.6279	0.6686	0.7265	0.6721	0.6765	0.7039	0.7429	0.7429	0.6302	1.0000	0.6101	0.7074	0.6162	0.7147	0.7273	0.6638	0.6364
0.6475	0.5995	0.7232	0.5824	0.6234	0.5871	0.6788	0.6211	0.5921	0.6221	0.6221	0.6309	0.6101	1.0000	0.5846	0.5563	0.6171	0.6052	0.7277	0.7218
0.7576	0.7856	0.6339	0.6213	0.7085	0.8626	0.6419	0.6566	0.6694	0.7648	0.7648	0.6573	0.7074	0.5846	1.0000	0.7045	0.6948	0.7041	0.6299	0.6419
0.6416	0.6997	0.5948	0.6354	0.6329	0.7022	0.5967	0.6223	0.6175	0.6737	0.6737	0.5723	0.6162	0.5563	0.7045	1.0000	0.6372	0.6411	0.5653	0.5764
0.6381	0.7012	0.6773	0.6653	0.6667	0.7149	0.6285	0.7563	0.8088	0.6959	0.6959	0.5890	0.7147	0.6171	0.6948	0.6372	1.0000	0.9139	0.6456	0.6766
0.6407	0.6873	0.6655	0.6796	0.6737	0.7298	0.6244	0.7527	0.7889	0.6979	0.6979	0.5871	0.7273	0.6052	0.7041	0.6411	0.9139	1.0000	0.6353	0.6709
0.7118	0.6014	0.7256	0.6059	0.6891	0.6319	0.7354	0.6420	0.6343	0.6707	0.6707	0.6770	0.6638	0.7277	0.6299	0.5653	0.6456	0.6353	1.0000	0.7661
0.6705	0.6128	0.7309	0.6216	0.6891	0.6397	0.7047	0.6737	0.6531	0.6593	0.6593	0.6659	0.6364	0.7218	0.6419	0.5764	0.6766	0.6709	0.7661	1.0000
