-------------------------------------------------------------------------------
 L       Percentage of nodes in the largest component
 D       Percentage of nodes in components of size at most 3 [-div option]
 R       Percentage of nodes not in L or D: 100 - L -D
 S       Percentage of nodes that are singletons
 E       Fraction of edges retained (input graph has 380)
 cce     Expected size of component, nodewise [ sum(sz^2) / sum^2(sz) ]
 EW      Edge weight traits (mean, median and IQR)
 ND      Node degree traits [mean, median and IQR]
 CCF     Clustering coefficient (scale 1-100)
 eff     Induced component efficiency relative to start graph (scale 1-1000)
Total number of nodes: 20
----------------------------------------------------------------------------------------------
  L   D   R   S     E     cce  EWmean   EWmed   EWiqr  NDmean   NDmed  NDiqr CCF  eff  Cutoff 
----------------------------------------------------------------------------------------------
100   0   0   0 1.000      20    0.67    0.67    0.08    19.0    19.5    0.5   -    -     0.50
100   0   0   0 1.000      20    0.67    0.67    0.08    19.0    19.5    0.5   -    -     0.51
100   0   0   0 1.000      20    0.67    0.67    0.08    19.0    19.5    0.5   -    -     0.52
100   0   0   0 1.000      20    0.67    0.67    0.08    19.0    19.5    0.5   -    -     0.53
100   0   0   0 1.000      20    0.67    0.67    0.08    19.0    19.5    0.5   -    -     0.54
100   0   0   0 1.000      20    0.67    0.67    0.08    19.0    19.5    0.5   -    -     0.55
100   0   0   0 0.989      20    0.67    0.67    0.08    18.8    19.5    0.5   -    -     0.56
100   0   0   0 0.984      20    0.67    0.67    0.08    18.7    19.5    0.5   -    -     0.57
100   0   0   0 0.963      20    0.68    0.67    0.08    18.3    19.5    1.5   -    -     0.58
100   0   0   0 0.937      20    0.68    0.67    0.08    17.8    18.5    1.5   -    -     0.59
100   0   0   0 0.905      20    0.68    0.67    0.08    17.2    18.5    1.5   -    -     0.60
100   0   0   0 0.874      20    0.68    0.67    0.07    16.6    17.5    2.5   -    -     0.61
100   0   0   0 0.821      20    0.69    0.68    0.07    15.6    16.5    3.5   -    -     0.62
100   0   0   0 0.732      20    0.70    0.68    0.07    13.9    15.5    3.5   -    -     0.63
100   0   0   0 0.668      20    0.70    0.69    0.06    12.7    13.5    3.5   -    -     0.64
100   0   0   0 0.574      20    0.71    0.70    0.06    10.9    11.5    3.5   -    -     0.65
100   0   0   0 0.521      20    0.72    0.70    0.06     9.9    10.5    3.5   -    -     0.66
100   0   0   0 0.463      20    0.72    0.71    0.05     8.8     9.5    3.5   -    -     0.67
100   0   0   0 0.374      20    0.73    0.72    0.05     7.1     7.5    4.5   -    -     0.68
 95   5   0   5 0.337      18    0.74    0.73    0.05     6.4     6.5    5.5   -    -     0.69
 95   5   0   5 0.300      18    0.75    0.73    0.05     5.7     5.5    4.5   -    -     0.70
 90  10   0  10 0.242      16    0.76    0.74    0.04     4.6     4.5    2.5   -    -     0.71
 90  10   0  10 0.200      16    0.76    0.75    0.04     3.8     3.5    2.5   -    -     0.72
 65  15  20  15 0.153       9    0.78    0.76    0.04     2.9     3.5    1.5   -    -     0.73
 45  35  20  25 0.126       5    0.79    0.77    0.03     2.4     2.5    2.5   -    -     0.74
 30  50  20  30 0.105       3    0.79    0.77    0.02     2.0     1.5    3.5   -    -     0.75
 30  70   0  35 0.079       3    0.81    0.79    0.03     1.5     1.5    2.5   -    -     0.76
 25  75   0  60 0.042       2    0.84    0.80    0.08     0.8     0.5    2.5   -    -     0.77
 25  75   0  60 0.042       2    0.84    0.80    0.08     0.8     0.5    2.5   -    -     0.78
  0 100   0  65 0.021       2    0.90    0.89    0.05     0.4     0.5    1.5   -    -     0.79
  0 100   0  65 0.021       2    0.90    0.89    0.05     0.4     0.5    1.5   -    -     0.80
  0 100   0  70 0.016       1    0.93    0.91    0.07     0.3     0.5    1.5   -    -     0.81
  0 100   0  70 0.016       1    0.93    0.91    0.07     0.3     0.5    1.5   -    -     0.82
  0 100   0  70 0.016       1    0.93    0.91    0.07     0.3     0.5    1.5   -    -     0.83
  0 100   0  70 0.016       1    0.93    0.91    0.07     0.3     0.5    1.5   -    -     0.84
  0 100   0  70 0.016       1    0.93    0.91    0.07     0.3     0.5    1.5   -    -     0.85
  0 100   0  70 0.016       1    0.93    0.91    0.07     0.3     0.5    1.5   -    -     0.86
  0 100   0  80 0.011       1    0.96    0.96    0.09     0.2     0.5    0.5   -    -     0.87
  0 100   0  80 0.011       1    0.96    0.96    0.09     0.2     0.5    0.5   -    -     0.88
  0 100   0  80 0.011       1    0.96    0.96    0.09     0.2     0.5    0.5   -    -     0.89
  0 100   0  80 0.011       1    0.96    0.96    0.09     0.2     0.5    0.5   -    -     0.90
  0 100   0  80 0.011       1    0.96    0.96    0.09     0.2     0.5    0.5   -    -     0.91
  0 100   0  90 0.005       1    1.00    1.00    0.00     0.1     0.5    0.5   -    -     0.92
  0 100   0  90 0.005       1    1.00    1.00    0.00     0.1     0.5    0.5   -    -     0.93
  0 100   0  90 0.005       1    1.00    1.00    0.00     0.1     0.5    0.5   -    -     0.94
  0 100   0  90 0.005       1    1.00    1.00    0.00     0.1     0.5    0.5   -    -     0.95
  0 100   0  90 0.005       1    1.00    1.00    0.00     0.1     0.5    0.5   -    -     0.96
  0 100   0  90 0.005       1    1.00    1.00    0.00     0.1     0.5    0.5   -    -     0.97
  0 100   0  90 0.005       1    1.00    1.00    0.00     0.1     0.5    0.5   -    -     0.98
  0 100   0  90 0.005       1    1.00    1.00    0.00     0.1     0.5    0.5   -    -     0.99
---------------------------------------------------------------------------------------------
