1 4e-04
2 0.001
3 3e-04
4 6e-04
5 5e-04
6 5e-04
7 5e-04
8 4e-04
9 4e-04
10 5e-04
11 5e-04
12 5e-04
13 4e-04
14 4e-04
15 5e-04
16 5e-04
17 4e-04
18 3e-04
19 4e-04
20 5e-04
21 4e-04
22 6e-04
23 4e-04
24 5e-04
25 7e-04
26 6e-04
27 6e-04
28 5e-04
29 5e-04
30 8e-04
31 4e-04
32 8e-04
33 6e-04
34 5e-04
35 7e-04
36 7e-04
37 6e-04
38 6e-04
39 3e-04
40 6e-04
41 5e-04
42 5e-04
43 3e-04
44 3e-04
45 5e-04
46 5e-04
47 4e-04
48 4e-04
49 4e-04
50 6e-04
51 5e-04
52 3e-04
53 5e-04
54 4e-04
55 5e-04
56 4e-04
57 3e-04
58 3e-04
59 3e-04
60 3e-04
61 4e-04
62 4e-04
63 4e-04
64 4e-04
65 5e-04
66 5e-04
67 4e-04
68 4e-04
69 4e-04
70 4e-04
71 6e-04
72 5e-04
73 6e-04
74 4e-04
75 4e-04
76 3e-04
77 4e-04
78 6e-04
79 3e-04
80 3e-04
81 5e-04
82 6e-04
83 6e-04
84 7e-04
85 4e-04
86 0.0014
87 5e-04
88 4e-04
89 5e-04
90 6e-04
91 4e-04
92 4e-04
93 4e-04
94 6e-04
95 6e-04
96 5e-04
97 4e-04
98 0.0012
99 4e-04
100 5e-04
101 4e-04
102 4e-04
103 5e-04
104 4e-04
105 7e-04
106 6e-04
107 5e-04
108 4e-04
109 5e-04
110 4e-04
111 6e-04
112 4e-04
113 6e-04
114 8e-04
115 5e-04
116 3e-04
117 5e-04
118 4e-04
119 4e-04
120 4e-04
121 4e-04
122 5e-04
123 4e-04
124 5e-04
125 7e-04
126 6e-04
127 4e-04
128 4e-04
129 7e-04
130 5e-04
131 3e-04
132 2e-04
133 5e-04
134 3e-04
135 6e-04
136 8e-04
137 7e-04
138 4e-04
139 3e-04
140 4e-04
141 3e-04
142 3e-04
143 4e-04
144 5e-04
145 3e-04
146 7e-04
147 5e-04
148 3e-04
149 5e-04
150 4e-04
151 3e-04
152 5e-04
153 4e-04
154 7e-04
155 4e-04
156 3e-04
157 3e-04
158 5e-04
159 4e-04
160 4e-04
161 5e-04
162 4e-04
163 4e-04
164 3e-04
165 4e-04
166 7e-04
167 3e-04
168 3e-04
169 5e-04
170 4e-04
171 6e-04
172 3e-04
173 4e-04
174 3e-04
175 4e-04
176 6e-04
177 4e-04
178 4e-04
179 5e-04
180 4e-04
181 4e-04
182 4e-04
183 4e-04
184 5e-04
185 4e-04
186 4e-04
187 4e-04
188 4e-04
189 4e-04
190 6e-04
191 3e-04
192 5e-04
193 8e-04
194 3e-04
195 4e-04
196 4e-04
197 4e-04
198 5e-04
199 3e-04
200 3e-04
201 5e-04
202 4e-04
203 4e-04
204 6e-04
205 3e-04
206 3e-04
207 3e-04
208 3e-04
209 4e-04
210 4e-04
211 3e-04
212 5e-04
213 4e-04
214 4e-04
215 3e-04
216 2e-04
217 3e-04
218 5e-04
219 3e-04
220 3e-04
221 1e-04
222 2e-04
223 3e-04
224 3e-04
225 3e-04
226 3e-04
227 3e-04
228 1e-04
229 3e-04
230 4e-04
231 2e-04
232 3e-04
233 4e-04
234 3e-04
235 4e-04
236 2e-04
237 3e-04
238 4e-04
239 3e-04
240 4e-04
241 4e-04
242 4e-04
243 4e-04
244 3e-04
245 3e-04
246 3e-04
247 4e-04
248 5e-04
249 5e-04
250 5e-04
251 5e-04
252 8e-04
253 5e-04
254 5e-04
255 5e-04
256 3e-04
257 5e-04
258 4e-04
259 6e-04
260 5e-04
261 5e-04
262 3e-04
263 5e-04
264 6e-04
265 3e-04
266 4e-04
267 3e-04
268 5e-04
269 5e-04
270 5e-04
271 4e-04
272 4e-04
273 4e-04
274 5e-04
275 2e-04
276 5e-04
277 3e-04
278 4e-04
279 6e-04
280 3e-04
281 4e-04
282 7e-04
283 3e-04
284 6e-04
285 3e-04
286 5e-04
287 3e-04
288 3e-04
289 3e-04
290 4e-04
291 5e-04
292 3e-04
293 2e-04
294 2e-04
295 4e-04
296 3e-04
297 3e-04
298 4e-04
299 3e-04
300 4e-04
