1 4e-04
2 7e-04
3 8e-04
4 2e-04
5 5e-04
6 4e-04
7 5e-04
8 4e-04
9 4e-04
10 5e-04
11 4e-04
12 5e-04
13 5e-04
14 4e-04
15 8e-04
16 3e-04
17 4e-04
18 4e-04
19 4e-04
20 4e-04
21 4e-04
22 5e-04
23 4e-04
24 6e-04
25 3e-04
26 4e-04
27 5e-04
28 5e-04
29 7e-04
30 4e-04
31 6e-04
32 8e-04
33 4e-04
34 7e-04
35 6e-04
36 5e-04
37 7e-04
38 8e-04
39 6e-04
40 4e-04
41 3e-04
42 8e-04
43 6e-04
44 6e-04
45 4e-04
46 3e-04
47 3e-04
48 4e-04
49 5e-04
50 6e-04
51 4e-04
52 9e-04
53 4e-04
54 6e-04
55 5e-04
56 4e-04
57 7e-04
58 9e-04
59 9e-04
60 5e-04
61 3e-04
62 5e-04
63 0.001
64 4e-04
65 4e-04
66 5e-04
67 4e-04
68 4e-04
69 3e-04
70 3e-04
71 3e-04
72 4e-04
73 4e-04
74 5e-04
75 5e-04
76 4e-04
77 6e-04
78 4e-04
79 4e-04
80 4e-04
81 4e-04
82 4e-04
83 7e-04
84 6e-04
85 5e-04
86 5e-04
87 5e-04
88 7e-04
89 4e-04
90 4e-04
91 5e-04
92 7e-04
93 4e-04
94 4e-04
95 6e-04
96 5e-04
97 6e-04
98 7e-04
99 0.001
100 3e-04
101 0.0013
102 5e-04
103 3e-04
104 5e-04
105 5e-04
106 4e-04
107 4e-04
108 8e-04
109 4e-04
110 5e-04
111 5e-04
112 5e-04
113 7e-04
114 4e-04
115 9e-04
116 9e-04
117 4e-04
118 4e-04
119 4e-04
120 3e-04
121 8e-04
122 5e-04
123 5e-04
124 8e-04
125 6e-04
126 5e-04
127 4e-04
128 5e-04
129 4e-04
130 6e-04
131 4e-04
132 6e-04
133 7e-04
134 6e-04
135 3e-04
136 4e-04
137 3e-04
138 3e-04
139 3e-04
140 4e-04
141 5e-04
142 4e-04
143 5e-04
144 6e-04
145 6e-04
146 6e-04
147 4e-04
148 4e-04
149 8e-04
150 5e-04
151 3e-04
152 2e-04
153 5e-04
154 3e-04
155 6e-04
156 7e-04
157 6e-04
158 4e-04
159 9e-04
160 3e-04
161 4e-04
162 3e-04
163 3e-04
164 4e-04
165 5e-04
166 3e-04
167 6e-04
168 5e-04
169 4e-04
170 4e-04
171 4e-04
172 2e-04
173 5e-04
174 4e-04
175 7e-04
176 4e-04
177 3e-04
178 3e-04
179 4e-04
180 4e-04
181 3e-04
182 4e-04
183 4e-04
184 3e-04
185 4e-04
186 3e-04
187 6e-04
188 3e-04
189 3e-04
190 5e-04
191 4e-04
192 6e-04
193 3e-04
194 4e-04
195 4e-04
196 3e-04
197 5e-04
198 3e-04
199 4e-04
200 4e-04
201 5e-04
202 4e-04
203 5e-04
204 3e-04
205 9e-04
206 3e-04
207 5e-04
208 4e-04
209 4e-04
210 4e-04
211 4e-04
212 4e-04
213 7e-04
214 3e-04
215 4e-04
216 7e-04
217 3e-04
218 4e-04
219 5e-04
220 3e-04
221 5e-04
222 4e-04
223 3e-04
224 4e-04
225 4e-04
226 4e-04
227 6e-04
228 3e-04
229 5e-04
230 4e-04
231 4e-04
232 3e-04
233 3e-04
234 3e-04
235 3e-04
236 6e-04
237 3e-04
238 4e-04
239 3e-04
240 3e-04
241 3e-04
242 4e-04
243 2e-04
244 3e-04
245 1e-04
246 2e-04
247 3e-04
248 3e-04
249 2e-04
250 4e-04
251 3e-04
252 2e-04
253 2e-04
254 3e-04
255 3e-04
256 6e-04
257 3e-04
258 3e-04
259 3e-04
260 4e-04
261 2e-04
262 3e-04
263 4e-04
264 3e-04
265 5e-04
266 4e-04
267 6e-04
268 4e-04
269 4e-04
270 5e-04
271 5e-04
272 3e-04
273 3e-04
274 8e-04
275 4e-04
276 6e-04
277 6e-04
278 4e-04
279 5e-04
280 8e-04
281 6e-04
282 4e-04
283 4e-04
284 3e-04
285 4e-04
286 4e-04
287 5e-04
288 4e-04
289 4e-04
290 4e-04
291 5e-04
292 0.0024
293 7e-04
294 0.002
295 0.0017
296 0.0014
297 0.0013
298 0.0017
299 0.0013
300 4e-04
301 4e-04
302 0.0018
303 0.0017
304 5e-04
305 3e-04
306 0.0017
307 0.0017
308 0.0012
309 5e-04
310 0.0012
311 9e-04
312 6e-04
313 5e-04
314 9e-04
315 0.0011
316 7e-04
317 8e-04
318 4e-04
319 0.001
320 3e-04
321 6e-04
322 3e-04
323 5e-04
324 3e-04
325 5e-04
326 3e-04
327 4e-04
328 5e-04
329 3e-04
330 3e-04
331 7e-04
332 3e-04
333 5e-04
334 4e-04
335 6e-04
336 3e-04
337 3e-04
338 2e-04
339 4e-04
340 4e-04
341 3e-04
342 2e-04
343 2e-04
344 4e-04
345 5e-04
346 3e-04
347 3e-04
348 3e-04
349 3e-04
350 4e-04
351 4e-04
