1 3e-04
2 9e-04
3 8e-04
4 3e-04
5 6e-04
6 5e-04
7 4e-04
8 4e-04
9 3e-04
10 4e-04
11 5e-04
12 5e-04
13 5e-04
14 4e-04
15 6e-04
16 3e-04
17 5e-04
18 5e-04
19 4e-04
20 3e-04
21 4e-04
22 5e-04
23 4e-04
24 6e-04
25 4e-04
26 5e-04
27 6e-04
28 5e-04
29 6e-04
30 5e-04
31 5e-04
32 8e-04
33 4e-04
34 7e-04
35 6e-04
36 5e-04
37 7e-04
38 6e-04
39 6e-04
40 6e-04
41 3e-04
42 9e-04
43 6e-04
44 4e-04
45 5e-04
46 3e-04
47 3e-04
48 4e-04
49 5e-04
50 6e-04
51 3e-04
52 8e-04
53 4e-04
54 7e-04
55 5e-04
56 4e-04
57 5e-04
58 8e-04
59 8e-04
60 4e-04
61 3e-04
62 5e-04
63 0.001
64 5e-04
65 4e-04
66 5e-04
67 4e-04
68 3e-04
69 2e-04
70 3e-04
71 3e-04
72 3e-04
73 4e-04
74 4e-04
75 4e-04
76 5e-04
77 5e-04
78 4e-04
79 3e-04
80 3e-04
81 4e-04
82 5e-04
83 7e-04
84 5e-04
85 5e-04
86 6e-04
87 4e-04
88 7e-04
89 4e-04
90 3e-04
91 4e-04
92 5e-04
93 3e-04
94 3e-04
95 5e-04
96 5e-04
97 6e-04
98 7e-04
99 9e-04
100 4e-04
101 0.0013
102 4e-04
103 4e-04
104 5e-04
105 6e-04
106 4e-04
107 4e-04
108 8e-04
109 4e-04
110 5e-04
111 6e-04
112 5e-04
113 8e-04
114 4e-04
115 9e-04
116 0.0011
117 3e-04
118 5e-04
119 4e-04
120 3e-04
121 8e-04
122 5e-04
123 3e-04
124 7e-04
125 5e-04
126 5e-04
127 4e-04
128 5e-04
129 4e-04
130 6e-04
131 4e-04
132 6e-04
133 8e-04
134 5e-04
135 3e-04
136 4e-04
137 4e-04
138 4e-04
139 3e-04
140 3e-04
141 5e-04
142 4e-04
143 4e-04
144 6e-04
145 6e-04
146 7e-04
147 4e-04
148 4e-04
149 7e-04
150 5e-04
151 3e-04
152 2e-04
153 5e-04
154 3e-04
155 5e-04
156 7e-04
157 7e-04
158 4e-04
159 9e-04
160 3e-04
161 3e-04
162 3e-04
163 3e-04
164 4e-04
165 5e-04
166 2e-04
167 7e-04
168 5e-04
169 3e-04
170 4e-04
171 4e-04
172 3e-04
173 5e-04
174 4e-04
175 7e-04
176 4e-04
177 3e-04
178 3e-04
179 5e-04
180 4e-04
181 4e-04
182 4e-04
183 4e-04
184 4e-04
185 3e-04
186 3e-04
187 6e-04
188 3e-04
189 3e-04
190 4e-04
191 4e-04
192 6e-04
193 3e-04
194 4e-04
195 3e-04
196 4e-04
197 5e-04
198 4e-04
199 3e-04
200 4e-04
201 4e-04
202 4e-04
203 5e-04
204 4e-04
205 8e-04
206 3e-04
207 5e-04
208 4e-04
209 4e-04
210 3e-04
211 4e-04
212 3e-04
213 5e-04
214 3e-04
215 4e-04
216 7e-04
217 3e-04
218 4e-04
219 4e-04
220 3e-04
221 5e-04
222 3e-04
223 3e-04
224 4e-04
225 3e-04
226 4e-04
227 6e-04
228 3e-04
229 5e-04
230 3e-04
231 3e-04
232 3e-04
233 3e-04
234 4e-04
235 3e-04
236 5e-04
237 3e-04
238 4e-04
239 2e-04
240 2e-04
241 3e-04
242 4e-04
243 3e-04
244 3e-04
245 1e-04
246 2e-04
247 3e-04
248 3e-04
249 3e-04
250 3e-04
251 2e-04
252 1e-04
253 3e-04
254 4e-04
255 2e-04
256 7e-04
257 3e-04
258 4e-04
259 2e-04
260 4e-04
261 2e-04
262 3e-04
263 3e-04
264 3e-04
265 5e-04
266 4e-04
267 5e-04
268 3e-04
269 4e-04
270 4e-04
271 3e-04
272 3e-04
273 3e-04
274 7e-04
275 4e-04
276 5e-04
277 5e-04
278 5e-04
279 5e-04
280 8e-04
281 5e-04
282 4e-04
283 5e-04
284 3e-04
285 4e-04
286 3e-04
287 5e-04
288 4e-04
289 5e-04
290 3e-04
291 4e-04
292 0.0021
293 6e-04
294 0.0019
295 0.0015
296 0.0014
297 0.0013
298 0.0016
299 0.0013
300 3e-04
301 3e-04
302 0.0016
303 0.0017
304 5e-04
305 3e-04
306 0.0015
307 0.0016
308 0.0012
309 5e-04
310 0.0011
311 9e-04
312 5e-04
313 5e-04
314 8e-04
315 0.001
316 6e-04
317 7e-04
318 4e-04
319 0.0011
320 3e-04
321 6e-04
322 4e-04
323 4e-04
324 2e-04
325 4e-04
326 3e-04
327 4e-04
328 5e-04
329 3e-04
330 3e-04
331 6e-04
332 3e-04
333 6e-04
334 3e-04
335 5e-04
336 3e-04
337 3e-04
338 2e-04
339 4e-04
340 5e-04
341 3e-04
342 2e-04
343 2e-04
344 4e-04
345 6e-04
346 3e-04
347 3e-04
348 4e-04
349 3e-04
350 4e-04
351 3e-04
