1.0000 0.7705 0.7708 0.7708 0.7706 0.9994 0.9272 0.7705 0.9271 0.7708 0.9270 0.9272 0.7708 0.7705 0.9986 0.9273 0.9983 0.7707 0.7708 0.7709
0.7705 1.0000 0.9971 0.9971 0.9988 0.7705 0.7745 0.9990 0.7745 0.9974 0.7745 0.7745 0.9974 0.9992 0.7703 0.7746 0.7704 0.9982 0.9975 0.9970
0.7708 0.9971 1.0000 1.0000 0.9977 0.7708 0.7747 0.9974 0.7747 0.9989 0.7747 0.7748 0.9987 0.9972 0.7707 0.7748 0.7707 0.9983 0.9987 0.9996
0.7708 0.9971 1.0000 1.0000 0.9977 0.7708 0.7747 0.9974 0.7747 0.9989 0.7747 0.7748 0.9987 0.9972 0.7707 0.7748 0.7707 0.9983 0.9987 0.9996
0.7706 0.9988 0.9977 0.9977 1.0000 0.7706 0.7746 0.9988 0.7746 0.9982 0.7746 0.7747 0.9981 0.9988 0.7705 0.7747 0.7705 0.9991 0.9982 0.9976
0.9994 0.7705 0.7708 0.7708 0.7706 1.0000 0.9272 0.7705 0.9272 0.7708 0.9271 0.9273 0.7709 0.7705 0.9987 0.9273 0.9982 0.7707 0.7708 0.7709
0.9272 0.7745 0.7747 0.7747 0.7746 0.9272 1.0000 0.7745 0.9987 0.7747 0.9986 0.9986 0.7747 0.7745 0.9269 0.9988 0.9268 0.7746 0.7747 0.7748
0.7705 0.9990 0.9974 0.9974 0.9988 0.7705 0.7745 1.0000 0.7745 0.9977 0.7745 0.7745 0.9977 0.9988 0.7703 0.7746 0.7704 0.9986 0.9978 0.9973
0.9271 0.7745 0.7747 0.7747 0.7746 0.9272 0.9987 0.7745 1.0000 0.7747 0.9992 0.9981 0.7747 0.7745 0.9269 0.9984 0.9268 0.7746 0.7747 0.7748
0.7708 0.9974 0.9989 0.9989 0.9982 0.7708 0.7747 0.9977 0.7747 1.0000 0.7747 0.7748 0.9995 0.9975 0.7707 0.7748 0.7707 0.9988 0.9994 0.9990
0.9270 0.7745 0.7747 0.7747 0.7746 0.9271 0.9986 0.7745 0.9992 0.7747 1.0000 0.9979 0.7747 0.7745 0.9268 0.9980 0.9267 0.7746 0.7747 0.7748
0.9272 0.7745 0.7748 0.7748 0.7747 0.9273 0.9986 0.7745 0.9981 0.7748 0.9979 1.0000 0.7748 0.7745 0.9270 0.9985 0.9269 0.7747 0.7748 0.7749
0.7708 0.9974 0.9987 0.9987 0.9981 0.7709 0.7747 0.9977 0.7747 0.9995 0.7747 0.7748 1.0000 0.9975 0.7707 0.7748 0.7708 0.9987 0.9993 0.9988
0.7705 0.9992 0.9972 0.9972 0.9988 0.7705 0.7745 0.9988 0.7745 0.9975 0.7745 0.7745 0.9975 1.0000 0.7704 0.7746 0.7704 0.9982 0.9975 0.9971
0.9986 0.7703 0.7707 0.7707 0.7705 0.9987 0.9269 0.7703 0.9269 0.7707 0.9268 0.9270 0.7707 0.7704 1.0000 0.9270 0.9989 0.7706 0.7707 0.7708
0.9273 0.7746 0.7748 0.7748 0.7747 0.9273 0.9988 0.7746 0.9984 0.7748 0.9980 0.9985 0.7748 0.7746 0.9270 1.0000 0.9269 0.7747 0.7748 0.7749
0.9983 0.7704 0.7707 0.7707 0.7705 0.9982 0.9268 0.7704 0.9268 0.7707 0.9267 0.9269 0.7708 0.7704 0.9989 0.9269 1.0000 0.7706 0.7707 0.7708
0.7707 0.9982 0.9983 0.9983 0.9991 0.7707 0.7746 0.9986 0.7746 0.9988 0.7746 0.7747 0.9987 0.9982 0.7706 0.7747 0.7706 1.0000 0.9988 0.9982
0.7708 0.9975 0.9987 0.9987 0.9982 0.7708 0.7747 0.9978 0.7747 0.9994 0.7747 0.7748 0.9993 0.9975 0.7707 0.7748 0.7707 0.9988 1.0000 0.9988
0.7709 0.9970 0.9996 0.9996 0.9976 0.7709 0.7748 0.9973 0.7748 0.9990 0.7748 0.7749 0.9988 0.9971 0.7708 0.7749 0.7708 0.9982 0.9988 1.0000
