-------------------------------------------------------------------------------
 L       Percentage of nodes in the largest component
 D       Percentage of nodes in components of size at most 3 [-div option]
 R       Percentage of nodes not in L or D: 100 - L -D
 S       Percentage of nodes that are singletons
 E       Fraction of edges retained (input graph has 380)
 cce     Expected size of component, nodewise [ sum(sz^2) / sum^2(sz) ]
 EW      Edge weight traits (mean, median and IQR)
 ND      Node degree traits [mean, median and IQR]
 CCF     Clustering coefficient (scale 1-100)
 eff     Induced component efficiency relative to start graph (scale 1-1000)
Total number of nodes: 20
----------------------------------------------------------------------------------------------
  L   D   R   S     E     cce  EWmean   EWmed   EWiqr  NDmean   NDmed  NDiqr CCF  eff  Cutoff 
----------------------------------------------------------------------------------------------
100   0   0   0 1.000      20    0.82    0.77    0.19    19.0    19.5    0.5   -    -     0.50
100   0   0   0 1.000      20    0.82    0.77    0.19    19.0    19.5    0.5   -    -     0.51
100   0   0   0 1.000      20    0.82    0.77    0.19    19.0    19.5    0.5   -    -     0.52
100   0   0   0 1.000      20    0.82    0.77    0.19    19.0    19.5    0.5   -    -     0.53
100   0   0   0 1.000      20    0.82    0.77    0.19    19.0    19.5    0.5   -    -     0.54
100   0   0   0 1.000      20    0.82    0.77    0.19    19.0    19.5    0.5   -    -     0.55
100   0   0   0 1.000      20    0.82    0.77    0.19    19.0    19.5    0.5   -    -     0.56
100   0   0   0 1.000      20    0.82    0.77    0.19    19.0    19.5    0.5   -    -     0.57
100   0   0   0 1.000      20    0.82    0.77    0.19    19.0    19.5    0.5   -    -     0.58
100   0   0   0 1.000      20    0.82    0.77    0.19    19.0    19.5    0.5   -    -     0.59
100   0   0   0 1.000      20    0.82    0.77    0.19    19.0    19.5    0.5   -    -     0.60
100   0   0   0 1.000      20    0.82    0.77    0.19    19.0    19.5    0.5   -    -     0.61
100   0   0   0 1.000      20    0.82    0.77    0.19    19.0    19.5    0.5   -    -     0.62
100   0   0   0 1.000      20    0.82    0.77    0.19    19.0    19.5    0.5   -    -     0.63
100   0   0   0 1.000      20    0.82    0.77    0.19    19.0    19.5    0.5   -    -     0.64
100   0   0   0 1.000      20    0.82    0.77    0.19    19.0    19.5    0.5   -    -     0.65
100   0   0   0 1.000      20    0.82    0.77    0.19    19.0    19.5    0.5   -    -     0.66
100   0   0   0 1.000      20    0.82    0.77    0.19    19.0    19.5    0.5   -    -     0.67
100   0   0   0 0.926      20    0.83    0.77    0.17    17.6    19.5    2.5   -    -     0.68
100   0   0   0 0.926      20    0.83    0.77    0.17    17.6    19.5    2.5   -    -     0.69
100   0   0   0 0.816      20    0.85    0.78    0.22    15.5    14.5    5.5   -    -     0.70
100   0   0   0 0.816      20    0.85    0.78    0.22    15.5    14.5    5.5   -    -     0.71
100   0   0   0 0.816      20    0.85    0.78    0.22    15.5    14.5    5.5   -    -     0.72
100   0   0   0 0.816      20    0.85    0.78    0.22    15.5    14.5    5.5   -    -     0.73
100   0   0   0 0.816      20    0.85    0.78    0.22    15.5    14.5    5.5   -    -     0.74
100   0   0   0 0.732      20    0.86    0.78    0.22    13.9    14.5    3.5   -    -     0.75
100   0   0   0 0.732      20    0.86    0.78    0.22    13.9    14.5    3.5   -    -     0.76
100   0   0   0 0.574      20    0.88    0.92    0.22    10.9    12.5    4.5   -    -     0.77
 40   0  60   0 0.311       7    0.98    1.00    0.06     5.9     6.5    1.5   -    -     0.78
 40   0  60   0 0.311       7    0.98    1.00    0.06     5.9     6.5    1.5   -    -     0.79
 40   0  60   0 0.311       7    0.98    1.00    0.06     5.9     6.5    1.5   -    -     0.80
 40   0  60   0 0.311       7    0.98    1.00    0.06     5.9     6.5    1.5   -    -     0.81
 40   0  60   0 0.311       7    0.98    1.00    0.06     5.9     6.5    1.5   -    -     0.82
 40   0  60   0 0.311       7    0.98    1.00    0.06     5.9     6.5    1.5   -    -     0.83
 40   0  60   0 0.311       7    0.98    1.00    0.06     5.9     6.5    1.5   -    -     0.84
 40   0  60   0 0.311       7    0.98    1.00    0.06     5.9     6.5    1.5   -    -     0.85
 40   0  60   0 0.311       7    0.98    1.00    0.06     5.9     6.5    1.5   -    -     0.86
 40   0  60   0 0.311       7    0.98    1.00    0.06     5.9     6.5    1.5   -    -     0.87
 40   0  60   0 0.311       7    0.98    1.00    0.06     5.9     6.5    1.5   -    -     0.88
 40   0  60   0 0.311       7    0.98    1.00    0.06     5.9     6.5    1.5   -    -     0.89
 40   0  60   0 0.311       7    0.98    1.00    0.06     5.9     6.5    1.5   -    -     0.90
 40   0  60   0 0.311       7    0.98    1.00    0.06     5.9     6.5    1.5   -    -     0.91
 40  25  35   0 0.279       6    0.99    1.00    0.00     5.3     6.5    1.5   -    -     0.92
 40  25  35   0 0.279       6    0.99    1.00    0.00     5.3     6.5    1.5   -    -     0.93
 40  35  25   0 0.226       5    1.00    1.00    0.00     4.3     4.5    5.5   -    -     0.94
 40  35  25   0 0.226       5    1.00    1.00    0.00     4.3     4.5    5.5   -    -     0.95
 40  35  25   0 0.226       5    1.00    1.00    0.00     4.3     4.5    5.5   -    -     0.96
 40  35  25   0 0.226       5    1.00    1.00    0.00     4.3     4.5    5.5   -    -     0.97
 40  35  25   0 0.226       5    1.00    1.00    0.00     4.3     4.5    5.5   -    -     0.98
 40  35  25   0 0.226       5    1.00    1.00    0.00     4.3     4.5    5.5   -    -     0.99
---------------------------------------------------------------------------------------------
