1.0000	0.7421	0.8030	0.8022	0.8383	0.8574	0.6678	0.8031	0.7433	0.7698	0.7497	0.8607	0.8031	0.8211	0.8541	0.7443	0.7300	0.8208	0.7472	0.7421
0.7421	1.0000	0.7837	0.7843	0.7639	0.7574	0.8108	0.7837	0.7808	0.8027	0.7231	0.7566	0.7835	0.7780	0.7718	0.9241	0.7661	0.7788	0.7098	1.0000
0.8030	0.7837	1.0000	0.9932	0.8851	0.8687	0.7029	0.9945	0.8375	0.8785	0.7936	0.8661	0.9990	0.8939	0.8784	0.7757	0.7857	0.8945	0.7686	0.7837
0.8022	0.7843	0.9932	1.0000	0.8828	0.8664	0.7034	0.9965	0.8386	0.8810	0.7924	0.8639	0.9930	0.8915	0.8765	0.7762	0.7869	0.8921	0.7695	0.7843
0.8383	0.7639	0.8851	0.8828	1.0000	0.9615	0.6858	0.8842	0.7844	0.8104	0.7982	0.9565	0.8852	0.9294	0.9121	0.7659	0.7678	0.9295	0.7673	0.7639
0.8574	0.7574	0.8687	0.8664	0.9615	1.0000	0.6801	0.8679	0.7719	0.7977	0.7956	0.9927	0.8688	0.9162	0.9218	0.7599	0.7555	0.9158	0.7686	0.7574
0.6678	0.8108	0.7029	0.7034	0.6858	0.6801	1.0000	0.7030	0.7162	0.7187	0.7694	0.6795	0.7028	0.7038	0.6973	0.7884	0.7096	0.7045	0.6527	0.8108
0.8031	0.7837	0.9945	0.9965	0.8842	0.8679	0.7030	1.0000	0.8373	0.8792	0.7931	0.8654	0.9945	0.8928	0.8780	0.7758	0.7861	0.8934	0.7697	0.7837
0.7433	0.7808	0.8375	0.8386	0.7844	0.7719	0.7162	0.8373	1.0000	0.9001	0.7465	0.7702	0.8373	0.7953	0.7798	0.7677	0.8561	0.7959	0.7221	0.7808
0.7698	0.8027	0.8785	0.8810	0.8104	0.7977	0.7187	0.8792	0.9001	1.0000	0.7508	0.7962	0.8782	0.8186	0.8071	0.7906	0.8224	0.8195	0.7416	0.8027
0.7497	0.7231	0.7936	0.7924	0.7982	0.7956	0.7694	0.7931	0.7465	0.7508	1.0000	0.7947	0.7937	0.8215	0.8176	0.7035	0.7329	0.8215	0.7220	0.7231
0.8607	0.7566	0.8661	0.8639	0.9565	0.9927	0.6795	0.8654	0.7702	0.7962	0.7947	1.0000	0.8662	0.9132	0.9226	0.7593	0.7540	0.9129	0.7689	0.7566
0.8031	0.7835	0.9990	0.9930	0.8852	0.8688	0.7028	0.9945	0.8373	0.8782	0.7937	0.8662	1.0000	0.8940	0.8785	0.7756	0.7856	0.8946	0.7685	0.7835
0.8211	0.7780	0.8939	0.8915	0.9294	0.9162	0.7038	0.8928	0.7953	0.8186	0.8215	0.9132	0.8940	1.0000	0.9383	0.7624	0.7807	0.9965	0.7727	0.7780
0.8541	0.7718	0.8784	0.8765	0.9121	0.9218	0.6973	0.8780	0.7798	0.8071	0.8176	0.9226	0.8785	0.9383	1.0000	0.7570	0.7637	0.9377	0.7809	0.7718
0.7443	0.9241	0.7757	0.7762	0.7659	0.7599	0.7884	0.7758	0.7677	0.7906	0.7035	0.7593	0.7756	0.7624	0.7570	1.0000	0.7500	0.7631	0.7037	0.9241
0.7300	0.7661	0.7857	0.7869	0.7678	0.7555	0.7096	0.7861	0.8561	0.8224	0.7329	0.7540	0.7856	0.7807	0.7637	0.7500	1.0000	0.7815	0.7032	0.7661
0.8208	0.7788	0.8945	0.8921	0.9295	0.9158	0.7045	0.8934	0.7959	0.8195	0.8215	0.9129	0.8946	0.9965	0.9377	0.7631	0.7815	1.0000	0.7730	0.7788
0.7472	0.7098	0.7686	0.7695	0.7673	0.7686	0.6527	0.7697	0.7221	0.7416	0.7220	0.7689	0.7685	0.7727	0.7809	0.7037	0.7032	0.7730	1.0000	0.7098
0.7421	1.0000	0.7837	0.7843	0.7639	0.7574	0.8108	0.7837	0.7808	0.8027	0.7231	0.7566	0.7835	0.7780	0.7718	0.9241	0.7661	0.7788	0.7098	1.0000
