-------------------------------------------------------------------------------
 L       Percentage of nodes in the largest component
 D       Percentage of nodes in components of size at most 3 [-div option]
 R       Percentage of nodes not in L or D: 100 - L -D
 S       Percentage of nodes that are singletons
 E       Fraction of edges retained (input graph has 380)
 cce     Expected size of component, nodewise [ sum(sz^2) / sum^2(sz) ]
 EW      Edge weight traits (mean, median and IQR)
 ND      Node degree traits [mean, median and IQR]
 CCF     Clustering coefficient (scale 1-100)
 eff     Induced component efficiency relative to start graph (scale 1-1000)
Total number of nodes: 20
----------------------------------------------------------------------------------------------
  L   D   R   S     E     cce  EWmean   EWmed   EWiqr  NDmean   NDmed  NDiqr CCF  eff  Cutoff 
----------------------------------------------------------------------------------------------
100   0   0   0 1.000      20    0.81    0.79    0.10    19.0    19.5    0.5   -    -     0.50
100   0   0   0 1.000      20    0.81    0.79    0.10    19.0    19.5    0.5   -    -     0.51
100   0   0   0 1.000      20    0.81    0.79    0.10    19.0    19.5    0.5   -    -     0.52
100   0   0   0 1.000      20    0.81    0.79    0.10    19.0    19.5    0.5   -    -     0.53
100   0   0   0 1.000      20    0.81    0.79    0.10    19.0    19.5    0.5   -    -     0.54
100   0   0   0 1.000      20    0.81    0.79    0.10    19.0    19.5    0.5   -    -     0.55
100   0   0   0 1.000      20    0.81    0.79    0.10    19.0    19.5    0.5   -    -     0.56
100   0   0   0 1.000      20    0.81    0.79    0.10    19.0    19.5    0.5   -    -     0.57
100   0   0   0 1.000      20    0.81    0.79    0.10    19.0    19.5    0.5   -    -     0.58
100   0   0   0 1.000      20    0.81    0.79    0.10    19.0    19.5    0.5   -    -     0.59
100   0   0   0 1.000      20    0.81    0.79    0.10    19.0    19.5    0.5   -    -     0.60
100   0   0   0 1.000      20    0.81    0.79    0.10    19.0    19.5    0.5   -    -     0.61
100   0   0   0 1.000      20    0.81    0.79    0.10    19.0    19.5    0.5   -    -     0.62
100   0   0   0 1.000      20    0.81    0.79    0.10    19.0    19.5    0.5   -    -     0.63
100   0   0   0 1.000      20    0.81    0.79    0.10    19.0    19.5    0.5   -    -     0.64
100   0   0   0 1.000      20    0.81    0.79    0.10    19.0    19.5    0.5   -    -     0.65
100   0   0   0 0.995      20    0.81    0.79    0.10    18.9    19.5    0.5   -    -     0.66
100   0   0   0 0.989      20    0.81    0.79    0.10    18.8    19.5    0.5   -    -     0.67
100   0   0   0 0.984      20    0.81    0.79    0.10    18.7    19.5    0.5   -    -     0.68
100   0   0   0 0.974      20    0.81    0.79    0.10    18.5    19.5    1.5   -    -     0.69
100   0   0   0 0.968      20    0.81    0.79    0.10    18.4    19.5    1.5   -    -     0.70
100   0   0   0 0.905      20    0.82    0.80    0.11    17.2    18.5    0.5   -    -     0.71
100   0   0   0 0.895      20    0.82    0.80    0.11    17.0    18.5    0.5   -    -     0.72
100   0   0   0 0.874      20    0.83    0.80    0.11    16.6    18.5    1.5   -    -     0.73
100   0   0   0 0.863      20    0.83    0.80    0.11    16.4    18.5    1.5   -    -     0.74
100   0   0   0 0.821      20    0.83    0.80    0.10    15.6    17.5    3.5   -    -     0.75
100   0   0   0 0.763      20    0.84    0.81    0.10    14.5    14.5    6.5   -    -     0.76
100   0   0   0 0.663      20    0.85    0.82    0.11    12.6    13.5    7.5   -    -     0.77
100   0   0   0 0.584      20    0.86    0.86    0.10    11.1    12.5    5.5   -    -     0.78
 95   5   0   5 0.484      18    0.87    0.87    0.09     9.2    12.5    9.5   -    -     0.79
 95   5   0   5 0.421      18    0.88    0.88    0.08     8.0    10.5    8.5   -    -     0.80
 75   5  20   5 0.384      12    0.89    0.88    0.06     7.3     9.5    8.5   -    -     0.81
 75  25   0  10 0.353      12    0.90    0.89    0.06     6.7     8.5    9.5   -    -     0.82
 70  30   0  15 0.326      10    0.90    0.89    0.06     6.2     7.5    8.5   -    -     0.83
 70  30   0  15 0.300      10    0.91    0.89    0.05     5.7     7.5    8.5   -    -     0.84
 70  30   0  15 0.300      10    0.91    0.89    0.05     5.7     7.5    8.5   -    -     0.85
 65  35   0  20 0.284       9    0.91    0.89    0.05     5.4     7.5    8.5   -    -     0.86
 60  40   0  25 0.237       8    0.92    0.91    0.05     4.5     5.5    7.5   -    -     0.87
 60  40   0  25 0.200       8    0.93    0.92    0.07     3.8     3.5    5.5   -    -     0.88
 50  50   0  25 0.174       6    0.94    0.92    0.09     3.3     3.5    4.5   -    -     0.89
 30  50  20  25 0.132       4    0.95    0.94    0.07     2.5     2.5    4.5   -    -     0.90
 30  50  20  35 0.126       3    0.95    0.94    0.07     2.4     2.5    5.5   -    -     0.91
 30  50  20  35 0.100       3    0.96    0.96    0.07     1.9     2.5    3.5   -    -     0.92
 20  80   0  40 0.068       2    0.98    0.99    0.04     1.3     1.5    2.5   -    -     0.93
 20  80   0  45 0.058       2    0.99    0.99    0.00     1.1     1.5    2.5   -    -     0.94
 20  80   0  45 0.058       2    0.99    0.99    0.00     1.1     1.5    2.5   -    -     0.95
 20  80   0  45 0.053       2    0.99    0.99    0.00     1.0     1.5    1.5   -    -     0.96
 20  80   0  50 0.047       2    1.00    0.99    0.00     0.9     0.5    1.5   -    -     0.97
 20  80   0  50 0.047       2    1.00    0.99    0.00     0.9     0.5    1.5   -    -     0.98
 20  80   0  50 0.047       2    1.00    0.99    0.00     0.9     0.5    1.5   -    -     0.99
---------------------------------------------------------------------------------------------
