1.0000 0.9987 0.9998 0.9998 0.9998 0.9998 0.9998 0.9998 0.9974 0.9997 0.9999 0.9998 0.9998 0.9998 0.9991 0.9998 0.9998 0.9987 0.9987 0.9998
0.9987 1.0000 0.9986 0.9986 0.9986 0.9986 0.9986 0.9986 0.9969 0.9985 0.9987 0.9986 0.9986 0.9986 0.9983 0.9986 0.9986 0.9999 0.9999 0.9986
0.9998 0.9986 1.0000 0.9998 0.9999 0.9999 0.9998 0.9998 0.9973 0.9995 0.9999 0.9998 0.9999 0.9997 0.9991 0.9997 0.9999 0.9986 0.9986 0.9997
0.9998 0.9986 0.9998 1.0000 0.9997 0.9997 0.9999 0.9997 0.9975 0.9997 0.9998 0.9997 0.9997 0.9996 0.9991 0.9998 0.9998 0.9986 0.9986 0.9996
0.9998 0.9986 0.9999 0.9997 1.0000 0.9999 0.9997 0.9999 0.9973 0.9996 0.9998 0.9998 0.9998 0.9997 0.9991 0.9997 0.9998 0.9986 0.9986 0.9998
0.9998 0.9986 0.9999 0.9997 0.9999 1.0000 0.9998 0.9999 0.9973 0.9995 0.9999 0.9998 0.9999 0.9997 0.9991 0.9997 0.9999 0.9986 0.9986 0.9998
0.9998 0.9986 0.9998 0.9999 0.9997 0.9998 1.0000 0.9997 0.9975 0.9997 0.9998 0.9997 0.9997 0.9997 0.9991 0.9998 0.9998 0.9987 0.9987 0.9997
0.9998 0.9986 0.9998 0.9997 0.9999 0.9999 0.9997 1.0000 0.9973 0.9995 0.9998 0.9998 0.9998 0.9997 0.9991 0.9997 0.9998 0.9986 0.9986 0.9999
0.9974 0.9969 0.9973 0.9975 0.9973 0.9973 0.9975 0.9973 1.0000 0.9977 0.9974 0.9973 0.9973 0.9974 0.9976 0.9976 0.9973 0.9970 0.9970 0.9973
0.9997 0.9985 0.9995 0.9997 0.9996 0.9995 0.9997 0.9995 0.9977 1.0000 0.9996 0.9995 0.9995 0.9997 0.9992 0.9998 0.9996 0.9986 0.9986 0.9996
0.9999 0.9987 0.9999 0.9998 0.9998 0.9999 0.9998 0.9998 0.9974 0.9996 1.0000 0.9998 0.9999 0.9997 0.9991 0.9997 0.9999 0.9987 0.9987 0.9997
0.9998 0.9986 0.9998 0.9997 0.9998 0.9998 0.9997 0.9998 0.9973 0.9995 0.9998 1.0000 0.9998 0.9997 0.9991 0.9997 0.9998 0.9986 0.9986 0.9997
0.9998 0.9986 0.9999 0.9997 0.9998 0.9999 0.9997 0.9998 0.9973 0.9995 0.9999 0.9998 1.0000 0.9996 0.9990 0.9996 0.9999 0.9986 0.9986 0.9997
0.9998 0.9986 0.9997 0.9996 0.9997 0.9997 0.9997 0.9997 0.9974 0.9997 0.9997 0.9997 0.9996 1.0000 0.9992 0.9997 0.9997 0.9986 0.9986 0.9998
0.9991 0.9983 0.9991 0.9991 0.9991 0.9991 0.9991 0.9991 0.9976 0.9992 0.9991 0.9991 0.9990 0.9992 1.0000 0.9992 0.9991 0.9983 0.9983 0.9992
0.9998 0.9986 0.9997 0.9998 0.9997 0.9997 0.9998 0.9997 0.9976 0.9998 0.9997 0.9997 0.9996 0.9997 0.9992 1.0000 0.9997 0.9986 0.9986 0.9997
0.9998 0.9986 0.9999 0.9998 0.9998 0.9999 0.9998 0.9998 0.9973 0.9996 0.9999 0.9998 0.9999 0.9997 0.9991 0.9997 1.0000 0.9987 0.9987 0.9997
0.9987 0.9999 0.9986 0.9986 0.9986 0.9986 0.9987 0.9986 0.9970 0.9986 0.9987 0.9986 0.9986 0.9986 0.9983 0.9986 0.9987 1.0000 1.0000 0.9986
0.9987 0.9999 0.9986 0.9986 0.9986 0.9986 0.9987 0.9986 0.9970 0.9986 0.9987 0.9986 0.9986 0.9986 0.9983 0.9986 0.9987 1.0000 1.0000 0.9986
0.9998 0.9986 0.9997 0.9996 0.9998 0.9998 0.9997 0.9999 0.9973 0.9996 0.9997 0.9997 0.9997 0.9998 0.9992 0.9997 0.9997 0.9986 0.9986 1.0000
