10 -2015948.382711
10 -2016297.462931
10 -2015886.830595
10 -2015886.830595
10 -2015808.689532
10 -2016029.58758
10 -2015586.774377
10 -2015864.855553
10 -2016364.59505
10 -2016318.604321
10 -2016370.74719
10 -2015807.351906
10 -2015604.726317
10 -2016367.820027
10 -2015961.96032
10 -2016680.065416
10 -2015584.652567
10 -2017126.074912
10 -2016303.076281
10 -2015872.272484
11 -2009868.851306
11 -2010628.824214
11 -2010916.30119
11 -2010446.617154
11 -2009772.26172
11 -2010106.644814
11 -2011096.80523
11 -2009528.300338
11 -2009597.867292
11 -2009387.966397
11 -2010653.13317
11 -2009578.477906
11 -2009559.856902
11 -2009595.434687
11 -2010691.464326
11 -2009417.739559
11 -2009480.675645
11 -2009370.902904
11 -2009638.134485
11 -2009945.141374
1 -2148358.973685
1 -2148358.973685
1 -2148358.973686
1 -2148358.973685
1 -2148358.973685
1 -2148358.973685
1 -2148358.973685
1 -2148358.973686
1 -2148358.973686
1 -2148358.973686
1 -2148358.973685
1 -2148358.973686
1 -2148358.973685
1 -2148358.973685
1 -2148358.973685
1 -2148358.973685
1 -2148358.973686
1 -2148358.973685
1 -2148358.973685
1 -2148358.973686
2 -2110864.518914
2 -2110864.53729
2 -2110864.578488
2 -2110864.567093
2 -2110864.538393
2 -2110864.560241
2 -2110864.55754
2 -2110864.548427
2 -2110864.561194
2 -2110864.547193
2 -2110864.537721
2 -2110864.529117
2 -2110864.54874
2 -2110864.553244
2 -2110864.585429
2 -2110864.543162
2 -2110864.587589
2 -2110864.564797
2 -2110864.520352
2 -2110864.542648
3 -2085348.159203
3 -2085346.107958
3 -2085346.519535
3 -2085346.508194
3 -2085346.121781
3 -2085346.120488
3 -2085346.120934
3 -2085346.490184
3 -2085346.490184
3 -2085346.11467
3 -2085346.457653
3 -2085346.128721
3 -2085346.139675
3 -2085346.461153
3 -2085346.110387
3 -2085346.151299
3 -2085346.911523
3 -2085346.516747
3 -2085346.139246
3 -2085346.118657
4 -2069395.356813
4 -2069395.420601
4 -2069395.405707
4 -2069395.377923
4 -2069397.106996
4 -2069395.445784
4 -2069395.343714
4 -2069395.343714
4 -2069395.734494
4 -2069395.380882
4 -2069395.502788
4 -2069395.381351
4 -2069395.347456
4 -2069395.673202
4 -2069395.409485
4 -2069395.383037
4 -2069395.393365
4 -2069395.354878
4 -2069395.373351
4 -2069395.589726
5 -2058381.210892
5 -2058381.036833
5 -2058381.580203
5 -2059779.049468
5 -2058381.224122
5 -2057667.411401
5 -2057667.414681
5 -2057667.414681
5 -2058381.104997
5 -2058381.239721
5 -2058381.324738
5 -2058381.390482
5 -2058381.002938
5 -2058381.284712
5 -2058381.736568
5 -2058381.006523
5 -2057668.005149
5 -2059127.501437
5 -2058381.249294
5 -2057667.413151
6 -2049170.314907
6 -2046928.355115
6 -2046928.179245
6 -2046928.474584
6 -2046928.680808
6 -2049180.735446
6 -2046927.790268
6 -2046928.381176
6 -2046928.381176
6 -2046927.828678
6 -2046928.432651
6 -2046928.315523
6 -2049169.907453
6 -2046928.296159
6 -2046928.756327
6 -2046929.017277
6 -2046928.138195
6 -2049180.677922
6 -2046931.167594
6 -2049940.937693
7 -2038089.622864
7 -2038042.2959
7 -2038089.581233
7 -2038089.51338
7 -2038089.374608
7 -2038089.38194
7 -2040354.002656
7 -2038089.606992
7 -2038089.606992
7 -2040296.568141
7 -2038013.364307
7 -2038089.41738
7 -2038089.557416
7 -2038013.04768
7 -2038884.729473
7 -2038041.842375
7 -2038089.45053
7 -2038089.72411
7 -2038089.639276
7 -2041463.751691
8 -2029451.333652
8 -2031327.93088
8 -2031327.282231
8 -2029451.827617
8 -2030816.23005
8 -2029451.105383
8 -2029451.167318
8 -2031053.953087
8 -2029451.217865
8 -2029451.546558
8 -2030476.093321
8 -2029500.6463
8 -2029453.420377
8 -2029451.375217
8 -2029451.394205
8 -2031199.007976
8 -2029500.331421
8 -2031341.174356
8 -2029451.389173
8 -2029451.183178
9 -2022334.625556
9 -2022531.517259
9 -2022530.978926
9 -2022530.978926
9 -2022518.945225
9 -2022518.634562
9 -2022334.680426
9 -2022836.594948
9 -2022518.747798
9 -2022312.441625
9 -2026909.183093
9 -2022864.54238
9 -2022312.4496
9 -2022519.150522
9 -2024049.110144
9 -2022529.459354
9 -2022877.193353
9 -2022544.219385
9 -2022887.92828
9 -2023294.488338
