-------------------------------------------------------------------------------
 L       Percentage of nodes in the largest component
 D       Percentage of nodes in components of size at most 3 [-div option]
 R       Percentage of nodes not in L or D: 100 - L -D
 S       Percentage of nodes that are singletons
 E       Fraction of edges retained (input graph has 380)
 cce     Expected size of component, nodewise [ sum(sz^2) / sum^2(sz) ]
 EW      Edge weight traits (mean, median and IQR)
 ND      Node degree traits [mean, median and IQR]
 CCF     Clustering coefficient (scale 1-100)
 eff     Induced component efficiency relative to start graph (scale 1-1000)
Total number of nodes: 20
----------------------------------------------------------------------------------------------
  L   D   R   S     E     cce  EWmean   EWmed   EWiqr  NDmean   NDmed  NDiqr CCF  eff  Cutoff 
----------------------------------------------------------------------------------------------
100   0   0   0 1.000      20    0.69    0.69    0.06    19.0    19.5    0.5   -    -     0.50
100   0   0   0 1.000      20    0.69    0.69    0.06    19.0    19.5    0.5   -    -     0.51
100   0   0   0 1.000      20    0.69    0.69    0.06    19.0    19.5    0.5   -    -     0.52
100   0   0   0 1.000      20    0.69    0.69    0.06    19.0    19.5    0.5   -    -     0.53
100   0   0   0 1.000      20    0.69    0.69    0.06    19.0    19.5    0.5   -    -     0.54
100   0   0   0 1.000      20    0.69    0.69    0.06    19.0    19.5    0.5   -    -     0.55
100   0   0   0 1.000      20    0.69    0.69    0.06    19.0    19.5    0.5   -    -     0.56
100   0   0   0 1.000      20    0.69    0.69    0.06    19.0    19.5    0.5   -    -     0.57
100   0   0   0 1.000      20    0.69    0.69    0.06    19.0    19.5    0.5   -    -     0.58
100   0   0   0 1.000      20    0.69    0.69    0.06    19.0    19.5    0.5   -    -     0.59
100   0   0   0 1.000      20    0.69    0.69    0.06    19.0    19.5    0.5   -    -     0.60
100   0   0   0 0.963      20    0.70    0.69    0.06    18.3    19.5    1.5   -    -     0.61
100   0   0   0 0.942      20    0.70    0.69    0.06    17.9    18.5    1.5   -    -     0.62
100   0   0   0 0.889      20    0.70    0.70    0.05    16.9    18.5    1.5   -    -     0.63
100   0   0   0 0.837      20    0.71    0.70    0.05    15.9    17.5    3.5   -    -     0.64
100   0   0   0 0.784      20    0.71    0.70    0.05    14.9    16.5    2.5   -    -     0.65
100   0   0   0 0.716      20    0.72    0.71    0.05    13.6    15.5    3.5   -    -     0.66
100   0   0   0 0.674      20    0.72    0.71    0.04    12.8    14.5    4.5   -    -     0.67
100   0   0   0 0.574      20    0.73    0.71    0.04    10.9    11.5    5.5   -    -     0.68
100   0   0   0 0.489      20    0.74    0.72    0.04     9.3     9.5    2.5   -    -     0.69
100   0   0   0 0.442      20    0.74    0.73    0.04     8.4     8.5    3.5   -    -     0.70
 95   5   0   5 0.332      18    0.75    0.73    0.04     6.3     7.5    4.5   -    -     0.71
 95   5   0   5 0.253      18    0.77    0.74    0.03     4.8     5.5    3.5   -    -     0.72
 90  10   0  10 0.195      16    0.78    0.76    0.04     3.7     4.5    3.5   -    -     0.73
 85  15   0  15 0.153      15    0.79    0.76    0.06     2.9     3.5    1.5   -    -     0.74
 60  20  20  20 0.121       8    0.80    0.77    0.09     2.3     2.5    1.5   -    -     0.75
 50  50   0  30 0.084       6    0.83    0.81    0.09     1.6     1.5    2.5   -    -     0.76
 25  75   0  30 0.063       3    0.85    0.85    0.07     1.2     1.5    2.5   -    -     0.77
 25  75   0  30 0.058       3    0.85    0.86    0.07     1.1     1.5    2.5   -    -     0.78
 20  80   0  45 0.047       2    0.87    0.87    0.04     0.9     1.5    2.5   -    -     0.79
 20  80   0  45 0.047       2    0.87    0.87    0.04     0.9     1.5    2.5   -    -     0.80
 20  80   0  45 0.042       2    0.88    0.87    0.03     0.8     1.5    1.5   -    -     0.81
  0 100   0  45 0.037       2    0.89    0.88    0.03     0.7     1.5    1.5   -    -     0.82
  0 100   0  45 0.037       2    0.89    0.88    0.03     0.7     1.5    1.5   -    -     0.83
  0 100   0  45 0.037       2    0.89    0.88    0.03     0.7     1.5    1.5   -    -     0.84
  0 100   0  55 0.032       2    0.90    0.88    0.03     0.6     0.5    1.5   -    -     0.85
  0 100   0  65 0.026       2    0.91    0.88    0.02     0.5     0.5    1.5   -    -     0.86
  0 100   0  65 0.021       2    0.91    0.89    0.02     0.4     0.5    1.5   -    -     0.87
  0 100   0  75 0.016       1    0.93    0.90    0.06     0.3     0.5    0.5   -    -     0.88
  0 100   0  80 0.011       1    0.95    0.95    0.10     0.2     0.5    0.5   -    -     0.89
  0 100   0  90 0.005       1    1.00    1.00    0.00     0.1     0.5    0.5   -    -     0.90
  0 100   0  90 0.005       1    1.00    1.00    0.00     0.1     0.5    0.5   -    -     0.91
  0 100   0  90 0.005       1    1.00    1.00    0.00     0.1     0.5    0.5   -    -     0.92
  0 100   0  90 0.005       1    1.00    1.00    0.00     0.1     0.5    0.5   -    -     0.93
  0 100   0  90 0.005       1    1.00    1.00    0.00     0.1     0.5    0.5   -    -     0.94
  0 100   0  90 0.005       1    1.00    1.00    0.00     0.1     0.5    0.5   -    -     0.95
  0 100   0  90 0.005       1    1.00    1.00    0.00     0.1     0.5    0.5   -    -     0.96
  0 100   0  90 0.005       1    1.00    1.00    0.00     0.1     0.5    0.5   -    -     0.97
  0 100   0  90 0.005       1    1.00    1.00    0.00     0.1     0.5    0.5   -    -     0.98
  0 100   0  90 0.005       1    1.00    1.00    0.00     0.1     0.5    0.5   -    -     0.99
---------------------------------------------------------------------------------------------
