-------------------------------------------------------------------------------
 L       Percentage of nodes in the largest component
 D       Percentage of nodes in components of size at most 3 [-div option]
 R       Percentage of nodes not in L or D: 100 - L -D
 S       Percentage of nodes that are singletons
 E       Fraction of edges retained (input graph has 380)
 cce     Expected size of component, nodewise [ sum(sz^2) / sum^2(sz) ]
 EW      Edge weight traits (mean, median and IQR)
 ND      Node degree traits [mean, median and IQR]
 CCF     Clustering coefficient (scale 1-100)
 eff     Induced component efficiency relative to start graph (scale 1-1000)
Total number of nodes: 20
----------------------------------------------------------------------------------------------
  L   D   R   S     E     cce  EWmean   EWmed   EWiqr  NDmean   NDmed  NDiqr CCF  eff  Cutoff 
----------------------------------------------------------------------------------------------
100   0   0   0 1.000      20    0.81    0.77    0.25    19.0    19.5    0.5   -    -     0.50
100   0   0   0 1.000      20    0.81    0.77    0.25    19.0    19.5    0.5   -    -     0.51
100   0   0   0 1.000      20    0.81    0.77    0.25    19.0    19.5    0.5   -    -     0.52
100   0   0   0 1.000      20    0.81    0.77    0.25    19.0    19.5    0.5   -    -     0.53
100   0   0   0 1.000      20    0.81    0.77    0.25    19.0    19.5    0.5   -    -     0.54
100   0   0   0 1.000      20    0.81    0.77    0.25    19.0    19.5    0.5   -    -     0.55
100   0   0   0 1.000      20    0.81    0.77    0.25    19.0    19.5    0.5   -    -     0.56
100   0   0   0 1.000      20    0.81    0.77    0.25    19.0    19.5    0.5   -    -     0.57
100   0   0   0 0.984      20    0.81    0.77    0.25    18.7    19.5    0.5   -    -     0.58
100   0   0   0 0.963      20    0.82    0.77    0.25    18.3    19.5    1.5   -    -     0.59
100   0   0   0 0.947      20    0.82    0.77    0.25    18.0    18.5    1.5   -    -     0.60
100   0   0   0 0.947      20    0.82    0.77    0.25    18.0    18.5    1.5   -    -     0.61
100   0   0   0 0.947      20    0.82    0.77    0.25    18.0    18.5    1.5   -    -     0.62
100   0   0   0 0.947      20    0.82    0.77    0.25    18.0    18.5    1.5   -    -     0.63
100   0   0   0 0.947      20    0.82    0.77    0.25    18.0    18.5    1.5   -    -     0.64
100   0   0   0 0.947      20    0.82    0.77    0.25    18.0    18.5    1.5   -    -     0.65
 95   5   0   5 0.900      18    0.83    0.78    0.25    17.1    18.5    0.5   -    -     0.66
 95   5   0   5 0.900      18    0.83    0.78    0.25    17.1    18.5    0.5   -    -     0.67
 95   5   0   5 0.900      18    0.83    0.78    0.25    17.1    18.5    0.5   -    -     0.68
 95   5   0   5 0.900      18    0.83    0.78    0.25    17.1    18.5    0.5   -    -     0.69
 95   5   0   5 0.900      18    0.83    0.78    0.25    17.1    18.5    0.5   -    -     0.70
 95   5   0   5 0.900      18    0.83    0.78    0.25    17.1    18.5    0.5   -    -     0.71
 95   5   0   5 0.900      18    0.83    0.78    0.25    17.1    18.5    0.5   -    -     0.72
 95   5   0   5 0.758      18    0.85    0.78    0.23    14.4    15.5    3.5   -    -     0.73
 95   5   0   5 0.758      18    0.85    0.78    0.23    14.4    15.5    3.5   -    -     0.74
 95   5   0   5 0.568      18    0.89    0.91    0.22    10.8    11.5    2.5   -    -     0.75
 95   5   0   5 0.521      18    0.90    0.91    0.22     9.9    11.5    4.5   -    -     0.76
 80  20   0   5 0.458      13    0.92    0.99    0.22     8.7    11.5    5.5   -    -     0.77
 45  20  35   5 0.316       7    0.98    1.00    0.00     6.0     6.5    2.5   -    -     0.78
 45  20  35   5 0.316       7    0.98    1.00    0.00     6.0     6.5    2.5   -    -     0.79
 45  20  35   5 0.316       7    0.98    1.00    0.00     6.0     6.5    2.5   -    -     0.80
 45  20  35   5 0.316       7    0.98    1.00    0.00     6.0     6.5    2.5   -    -     0.81
 45  20  35   5 0.316       7    0.98    1.00    0.00     6.0     6.5    2.5   -    -     0.82
 45  20  35   5 0.316       7    0.98    1.00    0.00     6.0     6.5    2.5   -    -     0.83
 45  20  35   5 0.316       7    0.98    1.00    0.00     6.0     6.5    2.5   -    -     0.84
 45  20  35   5 0.316       7    0.98    1.00    0.00     6.0     6.5    2.5   -    -     0.85
 45  20  35   5 0.316       7    0.98    1.00    0.00     6.0     6.5    2.5   -    -     0.86
 45  20  35   5 0.316       7    0.98    1.00    0.00     6.0     6.5    2.5   -    -     0.87
 45  20  35   5 0.316       7    0.98    1.00    0.00     6.0     6.5    2.5   -    -     0.88
 45  20  35   5 0.316       7    0.98    1.00    0.00     6.0     6.5    2.5   -    -     0.89
 45  20  35   5 0.316       7    0.98    1.00    0.00     6.0     6.5    2.5   -    -     0.90
 45  20  35   5 0.316       7    0.98    1.00    0.00     6.0     6.5    2.5   -    -     0.91
 45  35  20   5 0.253       6    1.00    1.00    0.00     4.8     3.5    6.5   -    -     0.92
 45  35  20   5 0.253       6    1.00    1.00    0.00     4.8     3.5    6.5   -    -     0.93
 45  35  20   5 0.253       6    1.00    1.00    0.00     4.8     3.5    6.5   -    -     0.94
 45  35  20   5 0.253       6    1.00    1.00    0.00     4.8     3.5    6.5   -    -     0.95
 45  35  20   5 0.253       6    1.00    1.00    0.00     4.8     3.5    6.5   -    -     0.96
 45  35  20   5 0.253       6    1.00    1.00    0.00     4.8     3.5    6.5   -    -     0.97
 45  35  20   5 0.253       6    1.00    1.00    0.00     4.8     3.5    6.5   -    -     0.98
 45  35  20   5 0.253       6    1.00    1.00    0.00     4.8     3.5    6.5   -    -     0.99
---------------------------------------------------------------------------------------------
