1.0000 0.9980 0.9998 0.9998 0.9981 0.9980 0.9947 0.9980 0.9978 0.9981 0.9980 0.9998 0.9979 0.9981 0.9980 0.9994 0.9980 0.9980 0.9980 0.9979
0.9980 1.0000 0.9980 0.9980 0.9996 0.9999 0.9957 0.9999 0.9993 0.9996 0.9993 0.9980 0.9997 0.9994 0.9993 0.9979 0.9999 0.9996 0.9997 0.9997
0.9998 0.9980 1.0000 1.0000 0.9981 0.9980 0.9948 0.9981 0.9978 0.9981 0.9980 0.9999 0.9979 0.9981 0.9980 0.9994 0.9980 0.9980 0.9980 0.9980
0.9998 0.9980 1.0000 1.0000 0.9981 0.9980 0.9948 0.9981 0.9978 0.9981 0.9980 0.9999 0.9979 0.9981 0.9980 0.9994 0.9980 0.9980 0.9980 0.9980
0.9981 0.9996 0.9981 0.9981 1.0000 0.9997 0.9955 0.9997 0.9991 0.9998 0.9993 0.9981 0.9994 0.9996 0.9993 0.9980 0.9997 0.9995 0.9997 0.9995
0.9980 0.9999 0.9980 0.9980 0.9997 1.0000 0.9957 0.9999 0.9994 0.9996 0.9994 0.9980 0.9997 0.9994 0.9994 0.9979 1.0000 0.9997 0.9997 0.9998
0.9947 0.9957 0.9948 0.9948 0.9955 0.9957 1.0000 0.9957 0.9960 0.9954 0.9955 0.9947 0.9959 0.9953 0.9955 0.9946 0.9957 0.9956 0.9957 0.9959
0.9980 0.9999 0.9981 0.9981 0.9997 0.9999 0.9957 1.0000 0.9993 0.9997 0.9994 0.9981 0.9996 0.9995 0.9994 0.9979 0.9999 0.9997 0.9997 0.9997
0.9978 0.9993 0.9978 0.9978 0.9991 0.9994 0.9960 0.9993 1.0000 0.9992 0.9994 0.9978 0.9994 0.9990 0.9994 0.9978 0.9994 0.9995 0.9992 0.9994
0.9981 0.9996 0.9981 0.9981 0.9998 0.9996 0.9954 0.9997 0.9992 1.0000 0.9995 0.9981 0.9993 0.9998 0.9995 0.9980 0.9997 0.9996 0.9996 0.9994
0.9980 0.9993 0.9980 0.9980 0.9993 0.9994 0.9955 0.9994 0.9994 0.9995 1.0000 0.9980 0.9992 0.9995 1.0000 0.9981 0.9994 0.9997 0.9992 0.9993
0.9998 0.9980 0.9999 0.9999 0.9981 0.9980 0.9947 0.9981 0.9978 0.9981 0.9980 1.0000 0.9979 0.9981 0.9980 0.9994 0.9980 0.9980 0.9980 0.9979
0.9979 0.9997 0.9979 0.9979 0.9994 0.9997 0.9959 0.9996 0.9994 0.9993 0.9992 0.9979 1.0000 0.9992 0.9991 0.9977 0.9997 0.9994 0.9996 0.9998
0.9981 0.9994 0.9981 0.9981 0.9996 0.9994 0.9953 0.9995 0.9990 0.9998 0.9995 0.9981 0.9992 1.0000 0.9995 0.9981 0.9995 0.9995 0.9994 0.9993
0.9980 0.9993 0.9980 0.9980 0.9993 0.9994 0.9955 0.9994 0.9994 0.9995 1.0000 0.9980 0.9991 0.9995 1.0000 0.9981 0.9994 0.9997 0.9992 0.9992
0.9994 0.9979 0.9994 0.9994 0.9980 0.9979 0.9946 0.9979 0.9978 0.9980 0.9981 0.9994 0.9977 0.9981 0.9981 1.0000 0.9979 0.9980 0.9978 0.9978
0.9980 0.9999 0.9980 0.9980 0.9997 1.0000 0.9957 0.9999 0.9994 0.9997 0.9994 0.9980 0.9997 0.9995 0.9994 0.9979 1.0000 0.9997 0.9997 0.9998
0.9980 0.9996 0.9980 0.9980 0.9995 0.9997 0.9956 0.9997 0.9995 0.9996 0.9997 0.9980 0.9994 0.9995 0.9997 0.9980 0.9997 1.0000 0.9994 0.9995
0.9980 0.9997 0.9980 0.9980 0.9997 0.9997 0.9957 0.9997 0.9992 0.9996 0.9992 0.9980 0.9996 0.9994 0.9992 0.9978 0.9997 0.9994 1.0000 0.9996
0.9979 0.9997 0.9980 0.9980 0.9995 0.9998 0.9959 0.9997 0.9994 0.9994 0.9993 0.9979 0.9998 0.9993 0.9992 0.9978 0.9998 0.9995 0.9996 1.0000
