1.0000 0.9989 0.9999 0.9992 0.9989 0.9999 0.9998 0.9999 0.9999 0.9981 0.9979 0.9999 0.9989 0.9989 0.9989 0.9989 0.9989 0.9990 0.9990 0.9999
0.9989 1.0000 0.9989 0.9981 0.9997 0.9989 0.9988 0.9989 0.9989 0.9977 0.9976 0.9989 0.9998 0.9998 0.9998 0.9997 0.9998 0.9997 0.9997 0.9989
0.9999 0.9989 1.0000 0.9992 0.9988 1.0000 0.9998 0.9999 0.9999 0.9981 0.9979 0.9998 0.9989 0.9989 0.9989 0.9988 0.9989 0.9989 0.9989 0.9998
0.9992 0.9981 0.9992 1.0000 0.9981 0.9992 0.9992 0.9992 0.9992 0.9978 0.9977 0.9992 0.9981 0.9981 0.9981 0.9981 0.9981 0.9981 0.9981 0.9991
0.9989 0.9997 0.9988 0.9981 1.0000 0.9988 0.9988 0.9989 0.9988 0.9976 0.9974 0.9989 0.9996 0.9998 0.9999 0.9999 0.9996 0.9996 0.9996 0.9989
0.9999 0.9989 1.0000 0.9992 0.9988 1.0000 0.9998 0.9999 0.9999 0.9981 0.9979 0.9998 0.9989 0.9989 0.9989 0.9988 0.9989 0.9989 0.9989 0.9998
0.9998 0.9988 0.9998 0.9992 0.9988 0.9998 1.0000 0.9999 0.9998 0.9980 0.9978 0.9997 0.9988 0.9988 0.9989 0.9989 0.9989 0.9989 0.9989 0.9997
0.9999 0.9989 0.9999 0.9992 0.9989 0.9999 0.9999 1.0000 0.9999 0.9980 0.9979 0.9998 0.9989 0.9989 0.9989 0.9989 0.9989 0.9989 0.9989 0.9998
0.9999 0.9989 0.9999 0.9992 0.9988 0.9999 0.9998 0.9999 1.0000 0.9981 0.9979 0.9999 0.9989 0.9989 0.9989 0.9988 0.9989 0.9989 0.9989 0.9998
0.9981 0.9977 0.9981 0.9978 0.9976 0.9981 0.9980 0.9980 0.9981 1.0000 0.9991 0.9980 0.9978 0.9976 0.9976 0.9976 0.9978 0.9978 0.9978 0.9980
0.9979 0.9976 0.9979 0.9977 0.9974 0.9979 0.9978 0.9979 0.9979 0.9991 1.0000 0.9979 0.9976 0.9975 0.9975 0.9975 0.9976 0.9976 0.9976 0.9978
0.9999 0.9989 0.9998 0.9992 0.9989 0.9998 0.9997 0.9998 0.9999 0.9980 0.9979 1.0000 0.9989 0.9989 0.9989 0.9989 0.9989 0.9990 0.9990 0.9999
0.9989 0.9998 0.9989 0.9981 0.9996 0.9989 0.9988 0.9989 0.9989 0.9978 0.9976 0.9989 1.0000 0.9997 0.9996 0.9996 0.9999 0.9998 0.9998 0.9990
0.9989 0.9998 0.9989 0.9981 0.9998 0.9989 0.9988 0.9989 0.9989 0.9976 0.9975 0.9989 0.9997 1.0000 0.9999 0.9998 0.9997 0.9996 0.9996 0.9989
0.9989 0.9998 0.9989 0.9981 0.9999 0.9989 0.9989 0.9989 0.9989 0.9976 0.9975 0.9989 0.9996 0.9999 1.0000 0.9999 0.9997 0.9996 0.9996 0.9989
0.9989 0.9997 0.9988 0.9981 0.9999 0.9988 0.9989 0.9989 0.9988 0.9976 0.9975 0.9989 0.9996 0.9998 0.9999 1.0000 0.9996 0.9996 0.9996 0.9989
0.9989 0.9998 0.9989 0.9981 0.9996 0.9989 0.9989 0.9989 0.9989 0.9978 0.9976 0.9989 0.9999 0.9997 0.9997 0.9996 1.0000 0.9998 0.9998 0.9990
0.9990 0.9997 0.9989 0.9981 0.9996 0.9989 0.9989 0.9989 0.9989 0.9978 0.9976 0.9990 0.9998 0.9996 0.9996 0.9996 0.9998 1.0000 1.0000 0.9990
0.9990 0.9997 0.9989 0.9981 0.9996 0.9989 0.9989 0.9989 0.9989 0.9978 0.9976 0.9990 0.9998 0.9996 0.9996 0.9996 0.9998 1.0000 1.0000 0.9990
0.9999 0.9989 0.9998 0.9991 0.9989 0.9998 0.9997 0.9998 0.9998 0.9980 0.9978 0.9999 0.9990 0.9989 0.9989 0.9989 0.9990 0.9990 0.9990 1.0000
