-------------------------------------------------------------------------------
 L       Percentage of nodes in the largest component
 D       Percentage of nodes in components of size at most 3 [-div option]
 R       Percentage of nodes not in L or D: 100 - L -D
 S       Percentage of nodes that are singletons
 E       Fraction of edges retained (input graph has 380)
 cce     Expected size of component, nodewise [ sum(sz^2) / sum^2(sz) ]
 EW      Edge weight traits (mean, median and IQR)
 ND      Node degree traits [mean, median and IQR]
 CCF     Clustering coefficient (scale 1-100)
 eff     Induced component efficiency relative to start graph (scale 1-1000)
Total number of nodes: 20
----------------------------------------------------------------------------------------------
  L   D   R   S     E     cce  EWmean   EWmed   EWiqr  NDmean   NDmed  NDiqr CCF  eff  Cutoff 
----------------------------------------------------------------------------------------------
100   0   0   0 1.000      20    0.73    0.71    0.07    19.0    19.5    0.5   -    -     0.50
100   0   0   0 1.000      20    0.73    0.71    0.07    19.0    19.5    0.5   -    -     0.51
100   0   0   0 1.000      20    0.73    0.71    0.07    19.0    19.5    0.5   -    -     0.52
100   0   0   0 1.000      20    0.73    0.71    0.07    19.0    19.5    0.5   -    -     0.53
100   0   0   0 1.000      20    0.73    0.71    0.07    19.0    19.5    0.5   -    -     0.54
100   0   0   0 1.000      20    0.73    0.71    0.07    19.0    19.5    0.5   -    -     0.55
100   0   0   0 1.000      20    0.73    0.71    0.07    19.0    19.5    0.5   -    -     0.56
100   0   0   0 1.000      20    0.73    0.71    0.07    19.0    19.5    0.5   -    -     0.57
100   0   0   0 1.000      20    0.73    0.71    0.07    19.0    19.5    0.5   -    -     0.58
100   0   0   0 1.000      20    0.73    0.71    0.07    19.0    19.5    0.5   -    -     0.59
100   0   0   0 1.000      20    0.73    0.71    0.07    19.0    19.5    0.5   -    -     0.60
100   0   0   0 0.995      20    0.73    0.71    0.07    18.9    19.5    0.5   -    -     0.61
100   0   0   0 0.995      20    0.73    0.71    0.07    18.9    19.5    0.5   -    -     0.62
100   0   0   0 0.963      20    0.74    0.72    0.07    18.3    19.5    1.5   -    -     0.63
100   0   0   0 0.942      20    0.74    0.72    0.07    17.9    18.5    1.5   -    -     0.64
100   0   0   0 0.916      20    0.74    0.72    0.07    17.4    18.5    3.5   -    -     0.65
100   0   0   0 0.895      20    0.75    0.72    0.06    17.0    18.5    2.5   -    -     0.66
100   0   0   0 0.842      20    0.75    0.72    0.06    16.0    16.5    2.5   -    -     0.67
100   0   0   0 0.800      20    0.75    0.72    0.06    15.2    16.5    2.5   -    -     0.68
100   0   0   0 0.742      20    0.76    0.73    0.06    14.1    14.5    4.5   -    -     0.69
100   0   0   0 0.679      20    0.77    0.75    0.06    12.9    13.5    4.5   -    -     0.70
100   0   0   0 0.568      20    0.78    0.76    0.07    10.8    12.5    4.5   -    -     0.71
100   0   0   0 0.411      20    0.80    0.77    0.04     7.8     8.5    3.5   -    -     0.72
100   0   0   0 0.384      20    0.81    0.77    0.04     7.3     7.5    3.5   -    -     0.73
100   0   0   0 0.368      20    0.81    0.78    0.04     7.0     7.5    3.5   -    -     0.74
100   0   0   0 0.347      20    0.81    0.78    0.06     6.6     7.5    2.5   -    -     0.75
 95   5   0   5 0.258      18    0.83    0.79    0.12     4.9     5.5    2.5   -    -     0.76
 85  15   0   5 0.200      15    0.85    0.80    0.12     3.8     4.5    3.5   -    -     0.77
 35  30  35  10 0.168       5    0.87    0.83    0.14     3.2     3.5    4.5   -    -     0.78
 35  35  30  15 0.153       5    0.87    0.84    0.14     2.9     3.5    4.5   -    -     0.79
 35  65   0  15 0.105       4    0.91    0.91    0.15     2.0     2.5    1.5   -    -     0.80
 30  70   0  20 0.089       3    0.93    0.93    0.09     1.7     2.5    1.5   -    -     0.81
 30  70   0  30 0.084       3    0.94    0.94    0.08     1.6     2.5    2.5   -    -     0.82
 30  70   0  30 0.084       3    0.94    0.94    0.08     1.6     2.5    2.5   -    -     0.83
 20  80   0  30 0.074       2    0.95    0.96    0.07     1.4     1.5    2.5   -    -     0.84
 20  80   0  30 0.074       2    0.95    0.96    0.07     1.4     1.5    2.5   -    -     0.85
 20  80   0  30 0.074       2    0.95    0.96    0.07     1.4     1.5    2.5   -    -     0.86
 20  80   0  30 0.074       2    0.95    0.96    0.07     1.4     1.5    2.5   -    -     0.87
 20  80   0  30 0.074       2    0.95    0.96    0.07     1.4     1.5    2.5   -    -     0.88
 20  80   0  30 0.074       2    0.95    0.96    0.07     1.4     1.5    2.5   -    -     0.89
 20  80   0  35 0.063       2    0.96    0.98    0.05     1.2     1.5    2.5   -    -     0.90
 20  80   0  35 0.058       2    0.97    0.99    0.05     1.1     1.5    2.5   -    -     0.91
  0 100   0  40 0.047       2    0.98    0.99    0.00     0.9     1.5    2.5   -    -     0.92
  0 100   0  40 0.047       2    0.98    0.99    0.00     0.9     1.5    2.5   -    -     0.93
  0 100   0  50 0.042       2    0.98    0.99    0.00     0.8     0.5    2.5   -    -     0.94
  0 100   0  60 0.037       2    0.99    0.99    0.00     0.7     0.5    2.5   -    -     0.95
  0 100   0  60 0.037       2    0.99    0.99    0.00     0.7     0.5    2.5   -    -     0.96
  0 100   0  60 0.037       2    0.99    0.99    0.00     0.7     0.5    2.5   -    -     0.97
  0 100   0  60 0.037       2    0.99    0.99    0.00     0.7     0.5    2.5   -    -     0.98
  0 100   0  80 0.011       1    1.00    1.00    0.01     0.2     0.5    0.5   -    -     0.99
---------------------------------------------------------------------------------------------
