-------------------------------------------------------------------------------
 L       Percentage of nodes in the largest component
 D       Percentage of nodes in components of size at most 3 [-div option]
 R       Percentage of nodes not in L or D: 100 - L -D
 S       Percentage of nodes that are singletons
 E       Fraction of edges retained (input graph has 380)
 cce     Expected size of component, nodewise [ sum(sz^2) / sum^2(sz) ]
 EW      Edge weight traits (mean, median and IQR)
 ND      Node degree traits [mean, median and IQR]
 CCF     Clustering coefficient (scale 1-100)
 eff     Induced component efficiency relative to start graph (scale 1-1000)
Total number of nodes: 20
----------------------------------------------------------------------------------------------
  L   D   R   S     E     cce  EWmean   EWmed   EWiqr  NDmean   NDmed  NDiqr CCF  eff  Cutoff 
----------------------------------------------------------------------------------------------
100   0   0   0 1.000      20    0.71    0.69    0.08    19.0    19.5    0.5   -    -     0.50
100   0   0   0 1.000      20    0.71    0.69    0.08    19.0    19.5    0.5   -    -     0.51
100   0   0   0 1.000      20    0.71    0.69    0.08    19.0    19.5    0.5   -    -     0.52
100   0   0   0 1.000      20    0.71    0.69    0.08    19.0    19.5    0.5   -    -     0.53
100   0   0   0 1.000      20    0.71    0.69    0.08    19.0    19.5    0.5   -    -     0.54
100   0   0   0 1.000      20    0.71    0.69    0.08    19.0    19.5    0.5   -    -     0.55
100   0   0   0 1.000      20    0.71    0.69    0.08    19.0    19.5    0.5   -    -     0.56
100   0   0   0 1.000      20    0.71    0.69    0.08    19.0    19.5    0.5   -    -     0.57
100   0   0   0 1.000      20    0.71    0.69    0.08    19.0    19.5    0.5   -    -     0.58
100   0   0   0 1.000      20    0.71    0.69    0.08    19.0    19.5    0.5   -    -     0.59
100   0   0   0 0.995      20    0.71    0.69    0.08    18.9    19.5    0.5   -    -     0.60
100   0   0   0 0.984      20    0.71    0.69    0.08    18.7    19.5    0.5   -    -     0.61
100   0   0   0 0.979      20    0.71    0.69    0.08    18.6    19.5    1.5   -    -     0.62
100   0   0   0 0.953      20    0.71    0.69    0.08    18.1    18.5    1.5   -    -     0.63
100   0   0   0 0.900      20    0.72    0.70    0.08    17.1    17.5    4.5   -    -     0.64
100   0   0   0 0.826      20    0.72    0.71    0.07    15.7    15.5    3.5   -    -     0.65
100   0   0   0 0.768      20    0.73    0.71    0.07    14.6    14.5    5.5   -    -     0.66
100   0   0   0 0.705      20    0.73    0.72    0.07    13.4    13.5    3.5   -    -     0.67
100   0   0   0 0.621      20    0.74    0.73    0.08    11.8    10.5    5.5   -    -     0.68
100   0   0   0 0.505      20    0.75    0.74    0.06     9.6     8.5    4.5   -    -     0.69
100   0   0   0 0.442      20    0.76    0.75    0.06     8.4     7.5    5.5   -    -     0.70
100   0   0   0 0.395      20    0.77    0.75    0.05     7.5     6.5    4.5   -    -     0.71
100   0   0   0 0.363      20    0.77    0.75    0.05     6.9     6.5    4.5   -    -     0.72
100   0   0   0 0.321      20    0.78    0.76    0.05     6.1     5.5    4.5   -    -     0.73
100   0   0   0 0.253      20    0.79    0.78    0.04     4.8     4.5    3.5   -    -     0.74
 95   5   0   5 0.226      18    0.80    0.79    0.04     4.3     4.5    4.5   -    -     0.75
 85  15   0  15 0.168      15    0.81    0.79    0.03     3.2     4.5    3.5   -    -     0.76
 85  15   0  15 0.158      15    0.82    0.79    0.03     3.0     3.5    3.5   -    -     0.77
 70  30   0  20 0.126      10    0.83    0.80    0.03     2.4     1.5    3.5   -    -     0.78
 60  40   0  30 0.095       8    0.84    0.81    0.03     1.8     1.5    3.5   -    -     0.79
 20  80   0  40 0.058       2    0.87    0.82    0.10     1.1     1.5    2.5   -    -     0.80
 20  80   0  40 0.053       2    0.87    0.82    0.15     1.0     1.5    2.5   -    -     0.81
  0 100   0  50 0.026       2    0.93    0.97    0.11     0.5     0.5    1.5   -    -     0.82
  0 100   0  60 0.021       1    0.95    0.97    0.01     0.4     0.5    1.5   -    -     0.83
  0 100   0  60 0.021       1    0.95    0.97    0.01     0.4     0.5    1.5   -    -     0.84
  0 100   0  60 0.021       1    0.95    0.97    0.01     0.4     0.5    1.5   -    -     0.85
  0 100   0  60 0.021       1    0.95    0.97    0.01     0.4     0.5    1.5   -    -     0.86
  0 100   0  60 0.021       1    0.95    0.97    0.01     0.4     0.5    1.5   -    -     0.87
  0 100   0  70 0.016       1    0.98    0.98    0.02     0.3     0.5    1.5   -    -     0.88
  0 100   0  70 0.016       1    0.98    0.98    0.02     0.3     0.5    1.5   -    -     0.89
  0 100   0  70 0.016       1    0.98    0.98    0.02     0.3     0.5    1.5   -    -     0.90
  0 100   0  70 0.016       1    0.98    0.98    0.02     0.3     0.5    1.5   -    -     0.91
  0 100   0  70 0.016       1    0.98    0.98    0.02     0.3     0.5    1.5   -    -     0.92
  0 100   0  70 0.016       1    0.98    0.98    0.02     0.3     0.5    1.5   -    -     0.93
  0 100   0  70 0.016       1    0.98    0.98    0.02     0.3     0.5    1.5   -    -     0.94
  0 100   0  70 0.016       1    0.98    0.98    0.02     0.3     0.5    1.5   -    -     0.95
  0 100   0  70 0.016       1    0.98    0.98    0.02     0.3     0.5    1.5   -    -     0.96
  0 100   0  80 0.011       1    0.99    0.99    0.02     0.2     0.5    0.5   -    -     0.97
  0 100   0  80 0.011       1    0.99    0.99    0.02     0.2     0.5    0.5   -    -     0.98
  0 100   0  90 0.005       1    1.00    1.00    0.00     0.1     0.5    0.5   -    -     0.99
---------------------------------------------------------------------------------------------
