1 1 (0) 1 : 0.44722918135403616491 0.02226326477960186706 0.51371071884313390665 0.00000000099999999999 0.01679683402322817293
2 2 (0) 1 : 0.44679351668650568730 0.00847056238671225342 0.36765718978300848674 0.13447565717415183029 0.04260307396962182552
3 3 (0) 1 : 0.07364659575765780675 0.55584916996117150756 0.17752082110572350859 0.00000000100000000000 0.19298341217544728865
4 4 (0) 1 : 0.70414303510000342268 0.00000000099999999997 0.29585696189999660666 0.00000000099999999997 0.00000000099999999997
5 5 (0) 1 : 0.71695139827740606009 0.00000000099999999998 0.00000000099999999998 0.00000000099999999998 0.28304859872259402476
6 6 (0) 1 : 0.08594238023255300341 0.18887289818395502916 0.63346677234128601075 0.00000000099999999999 0.09171794824220594333
7 7 (0) 2 : 0.99999999600000000211 0.00000000099999999994 0.00000000099999999994 0.00000000099999999994 0.00000000099999999994
8 8 (0) 1 : 0.70556396217842576313 0.01399315132945460650 0.25633005455273000228 0.00816897924998750968 0.01594385268940229361
9 9 (0) 3 : 0.00000000099999999996 0.00000000099999999996 0.37096108752071627057 0.62903890947928375876 0.00000000099999999996
10 10 (0) 4 : 0.00000000099999999998 0.00000000099999999998 0.00000000099999999998 0.16847401954156401849 0.83152597745843603860
11 11 (0) 4 : 0.13751180176845931302 0.00000000099999999999 0.30586702273850813194 0.55662117349303252833 0.00000000099999999999
12 12 (0) 4 : 0.10304899981918370921 0.02792974609749139178 0.36838374827651515497 0.23755347285491576481 0.26308403295189386473
13 13 (0) 4 : 0.00000000099999999994 0.00000000099999999994 0.00000000099999999994 0.00000000099999999994 0.99999999600000000211
14 14 (0) 4 : 0.24434835532582135920 0.00000000100000000000 0.03497993870751603396 0.66076496576737187016 0.05990673919929064006
15 15 (0) 4 : 0.00000000099999999998 0.48536057195419912702 0.51463942504580095783 0.00000000099999999998 0.00000000099999999998
16 16 (0) 5 : 0.21814523901489074609 0.00000000100000000000 0.43382477399174140809 0.34802998499336779137 0.00000000100000000000
17 17 (0) 4 : 0.12458039000812923258 0.01676216389660444353 0.33310600750631985667 0.51162648640293528768 0.01392495218601124546
18 18 (0) 5 : 0.29945440341137530282 0.00000000099999999999 0.16984477372107129045 0.53070057941570247806 0.00000024245185092926
19 19 (0) 5 : 0.09818036240941670212 0.00000000099999999998 0.12348918538184973370 0.77833045020873359299 0.00000000099999999998
20 20 (0) 5 : 0.08392272702322907396 0.00000000099999999998 0.16921653072357467629 0.74686074025319615366 0.00000000099999999998
21 21 (0) 5 : 0.00000000099999999996 0.00000000099999999996 0.03380834018755874554 0.96619165681244112420 0.00000000099999999996
22 22 (0) 5 : 0.00000000099999999999 0.00000000099999999999 0.48211472986627268433 0.32524424409953456294 0.19264102403419283704
23 23 (0) 5 : 0.00000000099999999995 0.00000000099999999995 0.28144099795296179112 0.71855899904703823822 0.00000000099999999995
24 24 (0) 5 : 0.15683592801592322052 0.01330174625434046506 0.23496373562400385548 0.39259035122048213662 0.20230823888525040211
25 25 (0) 5 : 0.00000000099999999999 0.01612706220486810962 0.25791032922081041923 0.61583330233327226999 0.11012930524104909413
26 26 (0) 5 : 0.15207234508138686713 0.00000000099999999999 0.00000000099999999999 0.84792765191861318996 0.00000000099999999999
27 27 (0) 5 : 0.00000000099999999998 0.00000000099999999998 0.35246855805940091599 0.51056713171087508840 0.13696430822972405217
28 28 (0) 5 : 0.00000000099999999995 0.00000000099999999995 0.00000000099999999995 0.80613018372092948294 0.19386981327907051864
29 29 (0) 5 : 0.00977330603245514691 0.00000000099999999999 0.55884889521425529235 0.42168257774929790438 0.00969522000399176270
30 30 (0) 5 : 0.14498155942125379170 0.00000000099999999998 0.32933237376144225417 0.52568606481730395519 0.00000000099999999998
31 31 (0) 5 : 0.00000000099999999999 0.00502647615188262127 0.14571759951556029211 0.60518795524757706961 0.24406796808497993601
32 32 (0) 5 : 0.00000000099999999998 0.00000000099999999998 0.75251628637885226158 0.21882229190961885457 0.02866141971152884327
33 33 (0) 5 : 0.00000000099999999998 0.00000000099999999998 0.58661414169003611718 0.41338585530996369011 0.00000000099999999998
34 34 (0) 5 : 0.05834317455054203322 0.00000000099999999999 0.49917097250169550904 0.44248585094776232696 0.00000000099999999999
35 35 (0) 5 : 0.00000000099999999998 0.00000000099999999998 0.00000000099999999998 0.99999999419764429298 0.00000000280235559501
36 36 (0) 5 : 0.00000000099999999999 0.00000000099999999999 0.29336315335562335171 0.68697659944433742130 0.01966024520003919335
37 37 (0) 5 : 0.11899946408284731159 0.00000000099999999999 0.03240055146256846930 0.79114278129534065798 0.05745720215924346452
38 38 (0) 5 : 0.00000000099999999999 0.00000000099999999999 0.19024061526389321464 0.44830853710013973679 0.36145084563596696636
39 39 (0) 5 : 0.00000000099999999998 0.00000000099999999998 0.28885407130850659918 0.50041025591175436471 0.21073567077973895389
40 40 (0) 5 : 0.00000000099999999997 0.00000000099999999997 0.34032505411609870194 0.51225629235124270355 0.14741865153265856780
41 41 (0) 5 : 0.00000000099999999996 0.00000000099999999996 0.35375093717440148078 0.64624905982559843753 0.00000000099999999996
42 42 (0) 5 : 0.22140680220016836777 0.67075519886561385530 0.10783799693421781962 0.00000000099999999999 0.00000000099999999999
43 43 (0) 5 : 0.15692094632432379564 0.00000000099999999999 0.27751319466490559362 0.37419890345767808926 0.19136695455309257752
44 44 (0) 4 : 0.00000000099999999994 0.00000000099999999994 0.00000000099999999994 0.53301041434614671033 0.46698958265385309696
45 45 (0) 4 : 0.21206994675200940836 0.02737406780986647095 0.34682768569524680125 0.21625346948362403343 0.19747483025925324784
46 46 (0) 4 : 0.06301679319729831807 0.02391464243309581253 0.56193919585429863428 0.35112936751530721136 0.00000000099999999998
47 47 (0) 4 : 0.06563452399008863625 0.00000000099999999999 0.38946550990594208663 0.41479490696422843810 0.13010505813974074241
48 48 (0) 5 : 0.04490193497979618614 0.01669087426728096957 0.51121915651128124747 0.16378624173097899863 0.26340179251066259125
49 49 (0) 4 : 0.07101692238522518130 0.00000000099999999995 0.40794366209780069665 0.52103941351697413698 0.00000000099999999995
50 50 (0) 4 : 0.09546108313334566997 0.48647133069941528305 0.39590685027663247153 0.00000000100000000000 0.02216073489060652740
51 51 (0) 4 : 0.25304741762137866745 0.05864149683424289133 0.09070584205186500715 0.59760524249251334439 0.00000000099999999999
52 52 (0) 4 : 0.03423087072767985739 0.60579335831005043378 0.30364394049292658950 0.05633182946934329333 0.00000000099999999999
53 53 (0) 4 : 0.12403277454615371789 0.00000000099999999997 0.09359770456933778904 0.64462143573730190660 0.13774808414720654537
54 54 (0) 4 : 0.04665282452935389651 0.58177686160519903602 0.30212580391997917451 0.06944450894546798370 0.00000000099999999998
55 55 (0) 4 : 0.03232664812109697916 0.46464019603324918650 0.36122175809197615282 0.14181139675367748776 0.00000000100000000000
56 56 (0) 4 : 0.05713917420926066526 0.00000000099999999999 0.03206367894331409174 0.68089798153751490695 0.22989916430991030882
57 57 (0) 5 : 0.01198326276256147377 0.03138188991677213352 0.45466849942906434334 0.17610583760566231315 0.32586051028593970846
58 58 (0) 4 : 0.02009302438179905170 0.43667872060297763248 0.50598956977063780371 0.03723868424458548487 0.00000000099999999999
59 59 (0) 4 : 0.10043105211324261650 0.55865160528956381292 0.22532993651857999295 0.06128139153352702567 0.05430601454508662135
60 60 (0) 4 : 0.09511632906391828679 0.00675163096009335096 0.54647227246357910069 0.33218454749415171623 0.01947522001825754273
61 61 (0) 5 : 0.29444541502584359316 0.00000000099999999998 0.29764425231665853078 0.40791033065749771058 0.00000000099999999998
62 62 (0) 6 : 0.21386347079767872859 0.36545961855151809505 0.21460533870117401434 0.01351141993039711720 0.19256015201923201707
63 63 (0) 6 : 0.14431797161284187769 0.63533227834574779180 0.22034974804141030380 0.00000000099999999998 0.00000000099999999998
64 64 (0) 6 : 0.92246715318137562090 0.00000000099999999996 0.00000000099999999996 0.00000000099999999996 0.07753284381862438068
65 65 (0) 6 : 0.17800494462997956679 0.00000000099999999997 0.40767472224940254355 0.41432033112061794622 0.00000000099999999997
66 66 (0) 6 : 0.00000000099999999990 0.00000000099999999990 0.00000000099999999990 0.00000000099999999990 0.99999999599999989108
67 67 (0) 6 : 0.71553601574258274276 0.00000000099999999994 0.28446398125741739760 0.00000000099999999994 0.00000000099999999994
68 68 (0) 6 : 0.42589163961452508600 0.00000000099999999999 0.47244725096956646793 0.10166110741590839162 0.00000000099999999999
69 69 (0) 6 : 0.20344894592045201231 0.00977372874374376858 0.62571673227071789025 0.16106059206508618886 0.00000000099999999999
70 70 (0) 6 : 0.21264072159337590873 0.00000000099999999998 0.60745463994233905858 0.13566271559900250354 0.04424192186528252274
71 71 (0) 6 : 0.30315316528085040071 0.00000000099999999996 0.47214471737318597366 0.22470211534596365444 0.00000000099999999996
72 72 (0) 7 : 0.16308056234152823460 0.00000000099999999999 0.29367639578368204267 0.45435027593349641695 0.08889276494129343120
73 73 (0) 7 : 0.31911069133333813674 0.00969247617637264761 0.39359252747551543017 0.27760430401477381723 0.00000000099999999999
74 74 (0) 7 : 0.28484636871894886134 0.00292567402231878318 0.25498623224596211889 0.25631319778768368867 0.20092852722508636187
75 75 (0) 7 : 0.38825392783621748283 0.05948727268701653470 0.08601530972641120709 0.46624348875035476203 0.00000000100000000000
76 76 (0) 7 : 0.11937231372953596709 0.00000000099999999996 0.00000000099999999996 0.88062768327046403449 0.00000000099999999996
77 77 (0) 7 : 0.23705639767775127380 0.00232200407959781262 0.09863207187721993729 0.31518589583096123796 0.34680363053446983113
78 78 (0) 7 : 0.45575560351499905254 0.00000000099999999997 0.00000000099999999997 0.54424439348500086577 0.00000000099999999997
79 79 (0) 7 : 0.22838858580432949696 0.00000000099999999997 0.46717755054679965809 0.30443386164887081824 0.00000000099999999997
80 80 (0) 7 : 0.30081833472110053318 0.00000000099999999998 0.09901509893277227192 0.60016656434612714044 0.00000000099999999998
81 81 (0) 7 : 0.08279473322249464307 0.00000000099999999996 0.00000000099999999996 0.75549806563434851459 0.16170719914315687116
82 82 (0) 7 : 0.20642530601450587158 0.07521059357868069284 0.45664104499571350759 0.10528958488258778614 0.15643347052851205858
83 83 (0) 7 : 0.31641708818612956922 0.58733033086119845745 0.09625257895267190500 0.00000000099999999998 0.00000000099999999998
84 84 (0) 7 : 0.22574278900559716088 0.00000002564909546985 0.20245096749403079794 0.57180621685127652754 0.00000000100000000000
85 85 (0) 7 : 0.18333333387785971658 0.00000000099999999999 0.00000000099999999999 0.76918731737689283179 0.04747934674524738330
86 86 (0) 7 : 0.07341997927186101613 0.48850942565223820502 0.43801905410286179343 0.00005153997303895458 0.00000000099999999999
87 87 (0) 7 : 0.18075885843808642273 0.00000000099999999998 0.50422692211638753257 0.31501421744552593474 0.00000000099999999998
88 88 (0) 7 : 0.01490998138556520920 0.54653115213462166722 0.35661914649661696775 0.00000000100000000000 0.08193971898319613034
89 89 (0) 7 : 0.00000000099999999999 0.00770242640896615528 0.27869530970902373079 0.56421551735614994261 0.14938674552586023170
90 90 (0) 7 : 0.07742033850106294635 0.00000000099999999998 0.58214341002283842563 0.34043624947609846254 0.00000000099999999998
91 91 (0) 7 : 0.16978592579011761443 0.00000000099999999998 0.19833957740321581098 0.63187449480666646462 0.00000000099999999998
92 92 (0) 7 : 0.15227527397078324811 0.01971540193790019546 0.00001351622819031908 0.44925736248964409647 0.37873844537348211325
93 93 (0) 7 : 0.11353211562037630877 0.00000000100000000000 0.43334514143722296931 0.37951009617312425615 0.07361264576927649406
94 94 (0) 7 : 0.19507352770028763000 0.00000000099999999997 0.00000000099999999997 0.60416423015632114701 0.20076224014339122403
95 95 (0) 7 : 0.04573036646815158840 0.00000427686215053567 0.21463775361024928223 0.38933192458204429753 0.35029567847740422648
96 96 (0) 7 : 0.17556026991621262456 0.00000000099999999997 0.00000000099999999997 0.71167525089763650215 0.11276447718615079108
97 97 (0) 7 : 0.00000000099999999994 0.00000000099999999994 0.00000000099999999994 0.63110427773030786103 0.36889571926969222382
98 98 (0) 7 : 0.00000000099999999998 0.00000000099999999998 0.00000000099999999998 0.72739810738575527704 0.27260188961424458576
99 99 (0) 7 : 0.43501703060738183826 0.52262492554839545811 0.00000004033697136950 0.04235800250725126753 0.00000000100000000000
100 100 (0) 6 : 0.63094649856162610124 0.00000000099999999998 0.15373437126527775276 0.21531912817309617481 0.00000000099999999998
101 101 (0) 6 : 0.60018174167368276706 0.00000000099999999999 0.15632576376124535100 0.22120517406409437311 0.02228731950097742262
102 102 (0) 6 : 0.17802628439721709941 0.00001190546535170360 0.67688288922025774408 0.00000000100000000000 0.14507891991717361546
103 103 (0) 6 : 0.56061981705738062054 0.00000000099999999998 0.38416957056612094368 0.05521061037649846459 0.00000000099999999998
104 104 (0) 6 : 0.32138032266630112144 0.00000000100000000000 0.61010014825979308473 0.00000000100000000000 0.06851952707390582265
105 105 (0) 6 : 0.56959479309737581776 0.00000000099999999999 0.17231524970052911061 0.16718662575555195970 0.09090333044654307082
106 106 (0) 6 : 0.48478494720482040448 0.00000000100000000000 0.47696970401020299946 0.03824534678497643753 0.00000000100000000000
107 107 (0) 6 : 0.59796926693574847800 0.02042523719951014338 0.32242923486734159644 0.05917625999739973414 0.00000000100000000000
108 108 (0) 6 : 0.31803517818016430185 0.55612637516893048684 0.12583844465090515685 0.00000000099999999999 0.00000000099999999999
109 109 (0) 7 : 0.24542215234009168157 0.00069632583390123455 0.38421289014975307241 0.36966863067625399530 0.00000000099999999999
110 110 (0) 7 : 0.00000000099999999991 0.00000000099999999991 0.00000000099999999991 0.00000000099999999991 0.99999999599999989108
111 111 (0) 8 : 0.70936750414291871447 0.00000000099999999998 0.03371768455322544239 0.00000000099999999998 0.25691480930385579562
112 112 (0) 6 : 0.99999999600000000211 0.00000000099999999992 0.00000000099999999992 0.00000000099999999992 0.00000000099999999992
113 113 (0) 6 : 0.38641477228707005187 0.59794958451933666321 0.00000000099999999999 0.00000000099999999999 0.01563564119359342822
114 114 (0) 6 : 0.66528580078777854734 0.00000000099999999996 0.00000000099999999996 0.30015294486419225040 0.03456125234802927271
115 115 (0) 6 : 0.34679513460738997654 0.47344667794006944916 0.00000000099999999998 0.00000000099999999998 0.17975818545254068637
116 116 (0) 6 : 0.65542917222812357991 0.01911513119432634369 0.06530483049153670838 0.18704832194235765375 0.07310254414365563447
117 117 (0) 6 : 0.66977470456834053980 0.00000000099999999999 0.32995524797233360959 0.00007190148646469107 0.00019814497286110521
118 118 (0) 6 : 0.71368532979794396809 0.00000000099999999995 0.28631466720205611676 0.00000000099999999995 0.00000000099999999995
119 119 (0) 6 : 0.89891342168180288219 0.00000000099999999995 0.00000000099999999995 0.10108657531819709163 0.00000000099999999995
120 120 (0) 6 : 0.99999999600000011313 0.00000000099999999997 0.00000000099999999997 0.00000000099999999997 0.00000000099999999997
121 121 (0) 6 : 0.41893690244404246936 0.58106309455595761548 0.00000000099999999998 0.00000000099999999998 0.00000000099999999998
122 122 (0) 9 : 0.00159032007007456257 0.00853981751771992585 0.41570235681527234473 0.18317816458407040758 0.39098934101286275666
123 123 (0) 9 : 0.00000000100000000000 0.01187132353182179280 0.64218279144174383877 0.24680751007495160820 0.09913837395148278331
124 124 (0) 9 : 0.00000000099999999998 0.00000000099999999998 0.64448266471662873922 0.04243002167229539129 0.31308731161107594687
125 125 (0) 9 : 0.01567569330186767765 0.00000000099999999999 0.49929407955317800516 0.45904712908436073882 0.02598309706059355115
126 126 (0) 9 : 0.00000077845470161703 0.00000000099999999999 0.30787228019817880487 0.55157435007407751293 0.14055259027304217723
127 127 (0) 9 : 0.00000000099999999996 0.00000000099999999996 0.36262619374013760343 0.49212034017767614102 0.14525346408218628436
128 128 (0) 9 : 0.00000000099999999997 0.00000000099999999997 0.66568049130599671326 0.14237564264537039271 0.19194386404863295059
129 129 (0) 9 : 0.00000000100000000000 0.01252063925236286679 0.62517272924977274062 0.19989885063281925826 0.16240777986504534303
130 130 (0) 9 : 0.07030888473093181712 0.00000000099999999998 0.36821083547894151167 0.19534106379133334142 0.36613921499879314991
131 131 (0) 9 : 0.10707396309922165289 0.00000000099999999999 0.49819626696677188349 0.39472976793400643691 0.00000000099999999999
132 132 (0) 9 : 0.00000000099999999998 0.00000000099999999998 0.67091828616760795789 0.14825176039588677801 0.18082995143650537617
133 133 (0) 9 : 0.21646652474329614035 0.00000000099999999999 0.23784330721547713994 0.54569016360588318282 0.00000000343534352368
134 134 (0) 9 : 0.00000000099999999989 0.00000000099999999989 0.00000000099999999989 0.00000000099999999989 0.99999999600000000211
135 135 (0) 9 : 0.00000000099999999995 0.00000000099999999995 0.93160917756463013095 0.06839081943536964858 0.00000000099999999995
136 136 (0) 9 : 0.00000000099999999999 0.00000000099999999999 0.36723922288742971709 0.29654874271886311199 0.33621203239370711646
137 137 (0) 9 : 0.21235912803927839421 0.00000000099999999999 0.42760281884869366653 0.31964077861055206764 0.04039727350147585827
138 138 (0) 9 : 0.00000000099999999999 0.00819576100513047696 0.59047141351647225438 0.40133282347839732696 0.00000000099999999999
139 139 (0) 9 : 0.15059661986606001638 0.00000000099999999998 0.45993736515404309850 0.35599522058125138146 0.03347079339864546949
140 140 (0) 9 : 0.00000000099999999996 0.00000000099999999996 0.69288734600859058776 0.27131679140249792548 0.03579586058891131434
141 141 (0) 9 : 0.03789062583175370480 0.00000000099999999997 0.30303192392817529521 0.59935990258902749339 0.05971754665104350018
142 142 (0) 9 : 0.23259724510207474557 0.00000000100000000000 0.45308150920704409748 0.30131215155018958862 0.01300909314069140232
143 143 (0) 9 : 0.00000000099999999994 0.00000000099999999994 0.00000000099999999994 0.00000000099999999994 0.99999999599999989108
144 144 (0) 9 : 0.16756182603159089362 0.02945477090545204832 0.43116922417679709456 0.31981597729124283669 0.05199820159491703314
145 145 (0) 3 : 0.00000000099999999998 0.00000000099999999998 0.44202563226962432452 0.33807550688517506998 0.21989885884520049553
146 146 (0) 3 : 0.00000000099999999999 0.42184324580505017099 0.51160772124404507721 0.06654903095090473897 0.00000000099999999999
147 147 (0) 3 : 0.00000000099999999997 0.00000000099999999997 0.87740632821827735377 0.12259366878172246740 0.00000000099999999997
148 148 (0) 3 : 0.00000000099999999999 0.06118596850116596320 0.48761455570135875393 0.39974082154047835269 0.05145865325699680581
149 149 (0) 3 : 0.00000000099999999998 0.00000000099999999998 0.60727854386911606088 0.39272145313088391294 0.00000000099999999998
150 150 (0) 3 : 0.00000000100000000000 0.01566122264038053574 0.59820573714652636177 0.31884167434392496343 0.06729136486916811877
151 151 (0) 3 : 0.00000000099999999997 0.00000000099999999997 0.44757475088111209338 0.44875444512335099789 0.10367080199553679876
152 152 (0) 3 : 0.00000000099999999996 0.00000000099999999996 0.47760579725969481979 0.39169267149140540862 0.13070152924889985591
153 153 (0) 3 : 0.00000000099999999999 0.01884831864388664124 0.35628401810838339347 0.62315168964550349262 0.00171597260222666661
154 154 (0) 3 : 0.00000000100000000000 0.00000000100000000000 0.25475866614645620301 0.51131366843200609651 0.23392766342153775705
155 155 (0) 3 : 0.00000000100000000000 0.06474720363070674001 0.06029908668788407089 0.61488832477230981333 0.26006538390909939018
156 156 (0) 3 : 0.00000000099999999999 0.04567231520533306804 0.34273746386220588223 0.40343979111071187615 0.20815042882174916716
157 157 (0) 3 : 0.00000000100000000000 0.00631575703872810403 0.48710926871493653856 0.24820028010791797546 0.25837469313841743279
158 158 (0) 3 : 0.13428638984150095825 0.00000000099999999999 0.27166095417197200224 0.59405265398652706832 0.00000000099999999999
159 159 (0) 3 : 0.00000000099999999997 0.58217572018462060424 0.36346694033988730110 0.05435733747549204020 0.00000000099999999997
160 160 (0) 3 : 0.12842376741106317772 0.00000000099999999998 0.53740018653968890661 0.26440411261480778471 0.06977193243444024251
161 161 (0) 3 : 0.00000000099999999997 0.00000000099999999997 0.68579951676727735066 0.13199150614549631788 0.18220897508722627700
162 162 (0) 3 : 0.01029421181666781426 0.00000000099999999999 0.45087515111482096009 0.51406901658911197117 0.02476161947939921337
163 163 (0) 3 : 0.00000000099999999995 0.00000000099999999995 0.41723878311477607950 0.58276121388522383882 0.00000000099999999995
164 164 (0) 3 : 0.00000000099999999998 0.00000000099999999998 0.40728785549612450678 0.53264748048731669350 0.06006466201655885628
165 165 (0) 3 : 0.00000000099999999999 0.00000000099999999999 0.66252165760648540349 0.14521463615533633518 0.19226370423817820687
166 166 (0) 3 : 0.00000000099999999997 0.00000000099999999997 0.34609422653531807246 0.65390577046468179034 0.00000000099999999997
167 167 (0) 3 : 0.00000000099999999999 0.00000000099999999999 0.71303607698678905802 0.28696392001321097132 0.00000000099999999999
168 168 (0) 3 : 0.00000000099999999998 0.00000000099999999998 0.36098292365091694256 0.34735754197576768076 0.29165953237331543324
169 169 (0) 3 : 0.07768732223584606800 0.00000000099999999999 0.29278945288502222777 0.62541380424386683323 0.00410941963526486112
170 170 (0) 3 : 0.00000000100000000000 0.00467935820758235994 0.56397461464625175953 0.36287817949167439080 0.06846784665449150153
171 171 (0) 3 : 0.17454950743498681698 0.00000000099999999999 0.19878687203108796888 0.62666361853392515968 0.00000000099999999999
172 172 (0) 3 : 0.05464308391729701120 0.00000000099999999999 0.41982126840017469638 0.46695177985188102143 0.05858386683064742417
173 173 (0) 3 : 0.00000000167469079029 0.00000000099999999999 0.49743016826745550807 0.37880962225247760689 0.12376020680537613838
174 174 (0) 9 : 0.07226962346905201062 0.00000000099999999996 0.40186644126635656660 0.52586393326459146547 0.00000000099999999996
175 175 (0) 9 : 0.00000000099999999994 0.00000000099999999994 0.00000000099999999994 0.00000000099999999994 0.99999999599999989108
176 176 (0) 9 : 0.01347911527519561961 0.00000000100000000000 0.67718916045705879192 0.22034609446530739607 0.08898562880243804374
177 177 (0) 9 : 0.36646748825528635551 0.00000000099999999999 0.26508386583334742070 0.28732922177158604082 0.08111942313978018348
178 178 (0) 9 : 0.12498891269108097779 0.00000000099999999999 0.55238769462501047247 0.26676682160899695129 0.05585657007491152265
179 179 (0) 9 : 0.04168869861426565543 0.00000000100000000000 0.45520363912230404901 0.35280746975269317023 0.15030019151073714667
180 180 (0) 9 : 0.17263397076049807888 0.00000000100000000000 0.38245245821518114582 0.31323703534071067889 0.13167653468361009694
181 181 (0) 1 : 0.37482974212920527890 0.00000000099999999998 0.53450429119242848230 0.09066596467836625373 0.00000000099999999998
182 182 (0) 1 : 0.42730300489788669571 0.00928956805554696438 0.56340742504656637912 0.00000000100000000000 0.00000000100000000000
183 183 (0) 1 : 0.47292520263555209992 0.00000000099999999998 0.48669847300934299117 0.04037632235510481282 0.00000000099999999998
184 184 (0) 1 : 0.41795193276675818295 0.02050522968224194678 0.55019175871706749170 0.00000000099999999999 0.01135107783393236175
185 185 (0) 1 : 0.41730834990631782144 0.00000000099999999995 0.55393334319008424860 0.02875830490359803163 0.00000000099999999995
186 186 (0) 1 : 0.24871630534122693423 0.00000000100000000000 0.43713900546065720398 0.24139954783955350215 0.07274514035856244343
187 187 (0) 1 : 0.44572059030821425951 0.00000000099999999998 0.53873001477142079541 0.01554939292036487328 0.00000000099999999998
188 188 (0) 1 : 0.18029171053283485349 0.00000000099999999998 0.77934562270624796465 0.04036266476091713434 0.00000000099999999998
189 189 (0) 2 : 0.17714514086194371734 0.00002936414339230540 0.79741833384575888655 0.00000000100000000000 0.02540716014890511201
190 190 (0) 2 : 0.14751583095126116763 0.00461129544703446550 0.50220004312632127164 0.34562845048919327295 0.00004437998618973579
191 191 (0) 2 : 0.14349968244174768350 0.00000000100000000000 0.61213542701679057867 0.21715549087786309435 0.02720939866359868217
192 192 (0) 2 : 0.15771000224904105358 0.00000000099999999998 0.46682865087220587474 0.37546134487875293395 0.00000000099999999998
193 193 (0) 2 : 0.01960272164519550817 0.00000000099999999999 0.83028687460891237304 0.06871399879450146297 0.08139640395139050022
194 194 (0) 2 : 0.00000000099999999998 0.00000000099999999998 0.80032654285482351941 0.14350326809184829613 0.05617018705332822714
195 195 (0) 2 : 0.58336490954727271419 0.00000000099999999998 0.40703032991339721525 0.00960475853932994152 0.00000000099999999998
196 196 (0) 2 : 0.25132215708816718625 0.00000000099999999996 0.35724163620451671042 0.39143620470731604888 0.00000000099999999996
197 197 (0) 1 : 0.10708247883254695676 0.00000000099999999999 0.76862584314404891472 0.12429167602340408794 0.00000000099999999999
198 198 (0) 1 : 0.72849814728550210674 0.00000000099999999998 0.27068088193015027443 0.00082096878434764710 0.00000000099999999998
199 199 (0) 1 : 0.34048572677155020116 0.00000000099999999997 0.51793052848719822734 0.03891498108611822493 0.10266876265513324995
200 200 (0) 1 : 0.79479288403054060286 0.00154662168844971193 0.20366049228100960300 0.00000000099999999999 0.00000000099999999999
201 201 (0) 1 : 0.60015651867162611577 0.00000000099999999998 0.39984347832837396908 0.00000000099999999998 0.00000000099999999998
202 202 (0) 1 : 0.99999999600000011313 0.00000000099999999992 0.00000000099999999992 0.00000000099999999992 0.00000000099999999992
203 203 (0) 2 : 0.08885963090932107178 0.27694116094008192075 0.47304226575650476505 0.05343201025318827097 0.10772493214090389513
204 204 (0) 2 : 0.45835111894899638330 0.00000000099999999999 0.49578780384351217592 0.04586107520749142102 0.00000000099999999999
205 205 (0) 2 : 0.00000000100000000000 0.59384104597261533343 0.31388495265405530477 0.03971704940775346721 0.05255695096557596452
206 206 (0) 2 : 0.19591373286399529907 0.00000000099999999999 0.59369246585664592342 0.17727368578863780813 0.03312011449072098379
207 207 (0) 2 : 0.11226037141166030076 0.02317753612697140767 0.85057744492882658705 0.01398464653254181261 0.00000000099999999999
208 208 (0) 2 : 0.05153749367961937833 0.04244810391345461842 0.74292732666357219617 0.16308707474335387699 0.00000000100000000000
209 209 (0) 2 : 0.25885180634161886193 0.00000000099999999996 0.53483974271131318190 0.20630844894706784620 0.00000000099999999996
210 210 (0) 1 : 0.40848415332317128401 0.00000000099999999992 0.59151584367682874532 0.00000000099999999992 0.00000000099999999992
211 211 (0) 1 : 0.57514442719431635442 0.00000000099999999999 0.14076196844908361872 0.14207275598503080194 0.14202084737156930871
212 212 (0) 1 : 0.66566928516187684473 0.00000000099999999998 0.23799819769230731725 0.06921721812928868789 0.02711529801652706045
213 213 (0) 1 : 0.67230369471522988256 0.00000000099999999999 0.31287706362450268260 0.00000000099999999999 0.01481923966026743762
214 214 (0) 1 : 0.24511336334173539075 0.00000000099999999993 0.75488663365826469409 0.00000000099999999993 0.00000000099999999993
215 215 (0) 1 : 0.88623559984895827757 0.00000000099999999996 0.11376439715104176564 0.00000000099999999996 0.00000000099999999996
216 216 (0) 1 : 0.87222056895664046294 0.00000000099999999999 0.10799849299019913251 0.01978093605316057213 0.00000000099999999999
217 217 (0) 1 : 0.43308861149947985858 0.00000000099999999998 0.47812446074121162098 0.00000000099999999998 0.08878692575930834108
218 218 (0) 2 : 0.25201253843718973702 0.00000000099999999996 0.74798745856281034783 0.00000000099999999996 0.00000000099999999996
219 219 (0) 2 : 0.23849411939196182852 0.00000000099999999998 0.50391885439735795149 0.25758702421068002675 0.00000000099999999998
220 220 (0) 2 : 0.52575404836483907722 0.00935657917606401435 0.31620087399643409531 0.14868849746266282752 0.00000000100000000000
221 221 (0) 2 : 0.29458961548782347517 0.00000000099999999999 0.40069689886275133839 0.30471348364942513198 0.00000000099999999999
222 222 (0) 2 : 0.43416605974854138861 0.03092643933820293789 0.46090889391104267192 0.07399860600221304374 0.00000000100000000000
223 223 (0) 2 : 0.04169218686656668560 0.00000000099999999998 0.90758698005167415257 0.05072083108175918370 0.00000000099999999998
224 224 (0) 2 : 0.17249411844779347081 0.00000000099999999997 0.66112932637210575226 0.16637655318010069472 0.00000000099999999997
225 225 (0) 2 : 0.36963378287561787783 0.00000000099999999997 0.47958567645306959815 0.15078053867131255283 0.00000000099999999997
226 226 (0) 2 : 0.23108156076313116079 0.00000000099999999999 0.73617376876048168377 0.03274466847638726058 0.00000000099999999999
227 227 (0) 2 : 0.08336536274659313295 0.00000000099999999996 0.76119787360805513110 0.15543676164535175088 0.00000000099999999996
228 228 (0) 2 : 0.25719879559503261435 0.00000000099999999998 0.74280104279642167331 0.00000015960854559029 0.00000000099999999998
229 229 (0) 2 : 0.05462767371844994002 0.46223414501113069264 0.48313817927041929901 0.00000000099999999998 0.00000000099999999998
230 230 (0) 2 : 0.10920654382869837695 0.00000000100000000000 0.47052430151768720457 0.25517186082390441726 0.16509729282971000175
231 231 (0) 2 : 0.06988768029627935585 0.00146727044722689236 0.76562266342319207357 0.14728356399673739330 0.01573882183656414441
232 232 (0) 10 : 0.00000000301883966067 0.01478598148167482862 0.95401860686425399294 0.00000000099999999999 0.03119540763523142787
233 233 (0) 10 : 0.01795899027496923941 0.00000000099999999997 0.77991918095345591500 0.00000000099999999997 0.20212182677157503052
234 234 (0) 10 : 0.43694360179223906693 0.00000000099999999998 0.45714890312499728564 0.07508798689764424605 0.03081950718511949905
235 235 (0) 10 : 0.39437250467353773820 0.00293522093446271087 0.49984033368728653102 0.03703759048399245940 0.06581435022072058827
236 236 (0) 10 : 0.04482603255597749498 0.00000000099999999998 0.75624890357377438921 0.00000000099999999998 0.19892506187024819320
237 237 (0) 10 : 0.29746592276663724741 0.00000000099999999999 0.59787602432281161668 0.10465805091055101206 0.00000000099999999999
238 238 (0) 10 : 0.00000000099999999998 0.00000000099999999998 0.89370071408158591186 0.02785293606910337408 0.07844634784931078797
239 239 (0) 10 : 0.30664184768201013798 0.00000000099999999997 0.69335814931798978034 0.00000000099999999997 0.00000000099999999997
240 240 (0) 10 : 0.41178709090554188599 0.00000000099999999998 0.47554691169468976675 0.11266599539976825117 0.00000000099999999998
241 241 (0) 10 : 0.03907605192166965780 0.00000000099999999999 0.77021566738699509536 0.00000000099999999999 0.19070827869133533117
242 242 (0) 10 : 0.00000000099999999998 0.00000000099999999998 0.48840969717932025684 0.31553952322873829450 0.19605077759194136644
243 243 (0) 10 : 0.15624173833697471703 0.00000000099999999998 0.84375825866302534006 0.00000000099999999998 0.00000000099999999998
244 244 (0) 10 : 0.18892704904554510903 0.00184515428077609454 0.80922779467367889072 0.00000000099999999999 0.00000000099999999999
245 245 (0) 10 : 0.07629631660059603415 0.00000000099999999997 0.83192414515662327368 0.09177953624278060996 0.00000000099999999997
246 246 (0) 10 : 0.06806319128981658251 0.00000000099999999999 0.90341606095196791415 0.00000000099999999999 0.02852074575821548705
247 247 (0) 10 : 0.00000000100000000000 0.02597142517671511414 0.87086620824222704673 0.07490288367271395742 0.02825948190834401755
248 248 (0) 10 : 0.12583022776736885184 0.00065784613001547843 0.73826629562044721045 0.13524562279017646182 0.00000000769199208231
249 249 (0) 10 : 0.00000000099999999999 0.00000577086279459651 0.93176782018258563767 0.06822640695461984484 0.00000000099999999999
250 250 (0) 10 : 0.27205611530716283797 0.00000000099999999999 0.62644965109194350461 0.08814047429011789836 0.01335375831077585847
251 251 (0) 10 : 0.67321243973482480794 0.00000000099999999998 0.32678755726517522140 0.00000000099999999998 0.00000000099999999998
252 252 (0) 10 : 0.00000000099999999999 0.01882829921875937146 0.98117169778124058155 0.00000000099999999999 0.00000000099999999999
253 253 (0) 10 : 0.09874121293419832468 0.00000000099999999998 0.78910255067164036813 0.11215623439416123885 0.00000000099999999998
254 254 (0) 10 : 0.46713157091912910213 0.00000000099999999998 0.50543083902293572951 0.02743758805793510697 0.00000000099999999998
255 255 (0) 10 : 0.26884453573788269498 0.00000000099999999998 0.71518134474510042242 0.00000000099999999998 0.01597411751701685589
256 256 (0) 10 : 0.00000000099999999998 0.58497111554379777054 0.41502888145620236982 0.00000000099999999998 0.00000000099999999998
257 257 (0) 10 : 0.06179885930277972256 0.00000000099999999996 0.93820113769722024433 0.00000000099999999996 0.00000000099999999996
258 258 (0) 10 : 0.41064517148303236738 0.00000000099999999999 0.58935482551696771747 0.00000000099999999999 0.00000000099999999999
259 259 (0) 10 : 0.09251020091714956539 0.00000000099999999996 0.90748979608285040843 0.00000000099999999996 0.00000000099999999996
260 260 (0) 10 : 0.19383235801097878359 0.02340931614190397414 0.76229607809736343871 0.02046224674975379715 0.00000000099999999999
261 261 (0) 10 : 0.21129221270935874544 0.01628341342621296428 0.65856480297736252894 0.08184441784919128937 0.03201515303787448585
262 262 (0) 11 : 0.43764956294972590101 0.01842116784678170249 0.33226489313674367754 0.13102522993410237184 0.08063914613264634712
263 263 (0) 11 : 0.32374219381071883683 0.00000000099999999999 0.67323109731660590871 0.00302670687267511456 0.00000000099999999999
264 264 (0) 11 : 0.13049205493840704273 0.00000000099999999999 0.86950794206159287558 0.00000000099999999999 0.00000000099999999999
265 265 (0) 11 : 0.39224340152432185524 0.60775659547567806307 0.00000000099999999997 0.00000000099999999997 0.00000000099999999997
266 266 (0) 11 : 0.03995983657109807019 0.01280467146841826435 0.94723548996048367865 0.00000000099999999999 0.00000000099999999999
267 267 (0) 11 : 0.27664618556577663666 0.72335381143422350370 0.00000000099999999997 0.00000000099999999997 0.00000000099999999997
268 268 (0) 11 : 0.00000000099999999997 0.00000000099999999997 0.95367824779340015784 0.00000000099999999997 0.04632174920659985762
269 269 (0) 11 : 0.14942761392743270088 0.00000000099999999999 0.66018523565280784471 0.16371636830231395265 0.02667078111744541902
270 270 (0) 11 : 0.17569647474500899031 0.00000000099999999998 0.81455397821118746826 0.00974954504380361880 0.00000000099999999998
271 271 (0) 11 : 0.54757894736770862387 0.00000000099999999995 0.45242104963229134995 0.00000000099999999995 0.00000000099999999995
272 272 (0) 11 : 0.47522858046280502808 0.00341633772226405215 0.51283040418796366211 0.00852467662696729939 0.00000000099999999999
273 273 (0) 11 : 0.41160501346360400809 0.13305392548181027568 0.00000000099999999999 0.16614372157459872392 0.28919733847998713161
274 274 (0) 11 : 0.16453066616529990474 0.51236179595952924259 0.32310753587517104801 0.00000000099999999995 0.00000000099999999995
275 275 (0) 11 : 0.33862396374556835710 0.00000000099999999999 0.61941213251634563708 0.00000036073966520153 0.04196354199842071420
276 276 (0) 11 : 0.03488882189788313631 0.18517746652140615327 0.39681841962515423949 0.09788086975776753851 0.28523442219778905038
277 277 (0) 11 : 0.39972874971285460299 0.04909128695279880300 0.49023189998276178736 0.03640948570840434051 0.02453857764318067083
278 278 (0) 11 : 0.27198133516630945694 0.06109689876953972726 0.41944100023313113379 0.24748076483101949519 0.00000000100000000000
279 279 (0) 11 : 0.99999999600000000211 0.00000000099999999996 0.00000000099999999996 0.00000000099999999996 0.00000000099999999996
280 280 (0) 11 : 0.16055244474920424280 0.06857633632772450194 0.53771918745203073353 0.23314447700642254580 0.00000755446461799065
281 281 (0) 11 : 0.60590961760962480653 0.00000000099999999998 0.32707473089303085168 0.06701564949734424570 0.00000000099999999998
282 282 (0) 11 : 0.24107229799210314058 0.00594709965115577943 0.74500256042567269965 0.00000000099999999999 0.00797804093106847106
283 283 (0) 11 : 0.62624483382090145867 0.00000000099999999998 0.00000000099999999998 0.37375516317909845965 0.00000000099999999998
284 284 (0) 11 : 0.79790390887757245419 0.00000000100000000000 0.08563990124417628080 0.08251631473974542497 0.03393987413850587526
285 285 (0) 11 : 0.15686885247976109503 0.00000000099999999998 0.68225280093871876197 0.01980751494503817101 0.14107083063648204191
286 286 (0) 11 : 0.60303655265683986375 0.02114740369834519976 0.23076187214463364517 0.14505417050018126757 0.00000000099999999998
287 287 (0) 11 : 0.28183081792833269974 0.01304683674856384548 0.58776230746355462298 0.00000000099999999999 0.11736003685954887743
288 288 (0) 11 : 0.26244094914927890150 0.02775655509066344770 0.68790907097034881268 0.00353625272609313021 0.01835717206361572526
289 289 (0) 11 : 0.31972504120410544237 0.00055435743767128995 0.66659000603491125325 0.01313059432331202883 0.00000000100000000000
290 290 (0) 11 : 0.55037212847810035310 0.05089168816102963844 0.31835339606810858504 0.08038278629276152110 0.00000000099999999999
291 291 (0) 11 : 0.66054969879532354771 0.00000000100000000000 0.03545933785054450338 0.16002525837325462521 0.14396570398087746301
292 292 (0) 12 : 0.00000000099999999991 0.99999999600000011313 0.00000000099999999991 0.00000000099999999991 0.00000000099999999991
293 293 (0) 12 : 0.00000000099999999998 0.12162879661329420444 0.00000000099999999998 0.65450215387451338156 0.22386904751219247056
294 294 (0) 12 : 0.00000000099999999990 0.99999999600000011313 0.00000000099999999990 0.00000000099999999990 0.00000000099999999990
295 295 (0) 12 : 0.00000000099999999994 0.94050873406626833706 0.00000000099999999994 0.00000000099999999994 0.05949126293373167840
296 296 (0) 12 : 0.00000000099999999991 0.99999999600000000211 0.00000000099999999991 0.00000000099999999991 0.00000000099999999991
297 297 (0) 12 : 0.00000000099999999996 0.98142587876216147436 0.01857411823783847171 0.00000000099999999996 0.00000000099999999996
298 298 (0) 12 : 0.00000000099999999995 0.89951120882607205065 0.00000000099999999995 0.00000000099999999995 0.10048878817392806195
299 299 (0) 12 : 0.00000000099999999988 0.99999999600000000211 0.00000000099999999988 0.00000000099999999988 0.00000000099999999988
300 300 (0) 12 : 0.14994128185244959273 0.08756074968521439239 0.37524274144321850821 0.38725522601911743781 0.00000000099999999999
301 301 (0) 12 : 0.00000000099999999996 0.00000000099999999996 0.00000000099999999996 0.85906861117842292508 0.14093138582157693772
302 302 (0) 12 : 0.00000000099999999993 0.99999999600000000211 0.00000000099999999993 0.00000000099999999993 0.00000000099999999993
303 303 (0) 12 : 0.03445113713181510023 0.96554885986818494992 0.00000000099999999998 0.00000000099999999998 0.00000000099999999998
304 304 (0) 12 : 0.00000000099999999998 0.45881923439541338894 0.54113551563358308627 0.00004524797100349356 0.00000000099999999998
305 305 (0) 12 : 0.00000000099999999999 0.08728885490265299307 0.44658175119314602597 0.46612861800425037240 0.00000077489995059192
306 306 (0) 12 : 0.00000000099999999996 0.85321107910464266677 0.00000000099999999996 0.14678891260014403919 0.00000000629521326625
307 307 (0) 12 : 0.00000000099999999994 0.99999999600000000211 0.00000000099999999994 0.00000000099999999994 0.00000000099999999994
308 308 (0) 12 : 0.00000000099999999998 0.95210340348394706389 0.04789659351605294463 0.00000000099999999998 0.00000000099999999998
309 309 (0) 12 : 0.07527690252360096090 0.05278611079391766492 0.22660976873753541083 0.57930371403968550226 0.06602350390526050272
310 310 (0) 12 : 0.00000000099999999998 0.95610670281420517824 0.04389329418579497599 0.00000000099999999998 0.00000000099999999998
311 311 (0) 12 : 0.00000000099999999999 0.65810806796951715203 0.22673100280851282706 0.11516092489933814347 0.00000000332263193679
312 312 (0) 12 : 0.00000000099999999999 0.02180925059171319111 0.00000000099999999999 0.48143117215758857164 0.49675957525069824872
313 313 (0) 12 : 0.00000000099999999998 0.03804848983905739085 0.21280216082060374183 0.74914934734033888919 0.00000000099999999998
314 314 (0) 12 : 0.00000000099999999998 0.67228127842567697581 0.32771106089551743645 0.00000765867880549679 0.00000000099999999998
315 315 (0) 12 : 0.00000000099999999995 0.99962535563345134015 0.00000000099999999995 0.00000000099999999995 0.00037464136654865541
316 316 (0) 12 : 0.00000000099999999998 0.80951194930440084629 0.16998704104312764573 0.02050100765247165821 0.00000000099999999998
317 317 (0) 12 : 0.00000000099999999995 0.81239634411282501958 0.18760365288717506527 0.00000000099999999995 0.00000000099999999995
318 318 (0) 12 : 0.06434768272925110721 0.00000000100000000000 0.39157229781967201054 0.54408000766518782587 0.00000001078588904931
319 319 (0) 12 : 0.00000005274461135630 0.85046407561388115415 0.00000266169314099275 0.14953320894836644173 0.00000000100000000000
320 320 (0) 12 : 0.16497284490631575204 0.07055439304808579226 0.19498313209231557530 0.56948962895328292255 0.00000000099999999998
321 321 (0) 12 : 0.00000001270287350286 0.81851244355104668671 0.18148754174607983902 0.00000000099999999999 0.00000000099999999999
322 322 (0) 13 : 0.00000000099999999999 0.00000000099999999999 0.86429340451451153182 0.12458593230464057311 0.01112066118084790653
323 323 (0) 13 : 0.00000000099999999999 0.00000000099999999999 0.80653052585449858114 0.19346947114550139268 0.00000000099999999999
324 324 (0) 13 : 0.00000000099999999994 0.00000000099999999994 0.99999999600000000211 0.00000000099999999994 0.00000000099999999994
325 325 (0) 13 : 0.00000000099999999996 0.00000000099999999996 0.99999999600000000211 0.00000000099999999996 0.00000000099999999996
326 326 (0) 13 : 0.49470137555232834847 0.00248174821634007453 0.49699185253648853200 0.00582502269484303555 0.00000000100000000000
327 327 (0) 13 : 0.02935050672876581349 0.00000000099999999999 0.89670686256092835276 0.07394260305149207013 0.00000002665881366790
328 328 (0) 13 : 0.00000000100000000000 0.00000000100000000000 0.97928089808457274845 0.02071908616549529222 0.00000001374993182286
329 329 (0) 13 : 0.04196520816702314916 0.00000000099999999999 0.86310718700649957658 0.04833645683825801842 0.04659114698821923556
330 330 (0) 13 : 0.06935834943835823829 0.00000000099999999999 0.83187276297705825545 0.00000000099999999999 0.09876888558458350731
331 331 (0) 13 : 0.00000000099999999993 0.00000000099999999993 0.00000000099999999993 0.00000000099999999993 0.99999999600000000211
332 332 (0) 13 : 0.03655026938262149333 0.00000000099999999999 0.85455386496474727842 0.09798896451618113734 0.01090690013644999776
333 333 (0) 13 : 0.00000000099999999998 0.00000000099999999998 0.72029211962482297960 0.19392614941851760157 0.08578172895665937825
334 334 (0) 13 : 0.00000000099999999997 0.00000000099999999997 0.99999999600000000211 0.00000000099999999997 0.00000000099999999997
335 335 (0) 13 : 0.13683177885885910996 0.00000000099999999997 0.65789136541164139338 0.20527685372949935894 0.00000000099999999997
336 336 (0) 13 : 0.14398368344499254401 0.00000000099999999999 0.81383608884137959016 0.04218022571362781831 0.00000000099999999999
337 337 (0) 13 : 0.24087301672253488838 0.01827346832025453921 0.74085351295721058040 0.00000000099999999996 0.00000000099999999996
338 338 (0) 13 : 0.07802195278009763091 0.00000000099999999998 0.86731586201977017847 0.00000000099999999998 0.05466218320013227494
339 339 (0) 13 : 0.37163856152821261869 0.00262496399188662547 0.31177593550374921305 0.31396053797615153247 0.00000000099999999999
340 340 (0) 13 : 0.08158442548212685441 0.01916051868355756610 0.66393305256670642756 0.23532200226760913164 0.00000000100000000000
341 341 (0) 13 : 0.18846860554154767908 0.00000000099999999998 0.79070663339193381081 0.02082475906651850076 0.00000000099999999998
342 342 (0) 13 : 0.17651250941056323418 0.00000000099999999997 0.82348748758943679515 0.00000000099999999997 0.00000000099999999997
343 343 (0) 13 : 0.27834493062247001038 0.00000000099999999998 0.72165506637752996344 0.00000000099999999998 0.00000000099999999998
344 344 (0) 13 : 0.04909938669963948010 0.00000000099999999999 0.90900052474047343676 0.04190008655988700786 0.00000000099999999999
345 345 (0) 13 : 0.11862643524200050527 0.54234299391017182224 0.33903056884782784008 0.00000000099999999997 0.00000000099999999997
346 346 (0) 13 : 0.00209465586784036506 0.00000000099999999997 0.66504908798039685802 0.33285625415176273156 0.00000000099999999997
347 347 (0) 13 : 0.00000000099999999997 0.00000000099999999997 0.97268732348055531034 0.01104281415453754918 0.01626986036490699408
348 348 (0) 13 : 0.13532801804792535250 0.00000000099999999999 0.77000282884947013340 0.00000000099999999999 0.09466915110260451516
349 349 (0) 13 : 0.09065586786541576791 0.00000000099999999998 0.65927725314215535057 0.04761142975330878019 0.20245544823912012267
350 350 (0) 13 : 0.00000000099999999999 0.76643721213127158354 0.23356278486872847355 0.00000000099999999999 0.00000000099999999999
351 351 (0) 13 : 0.00000000099999999998 0.01173249918774260658 0.98556458286974091276 0.00000000099999999998 0.00270291594251648995
1 1 (0) 1 : 0.01671272193493312380 0.02231973062444051262 0.44718573034129993626 0.00000000099999999999 0.51378181609932638274
2 2 (0) 1 : 0.04274236389023633453 0.00839504376863571718 0.44639305677924367988 0.13439637455979799863 0.36807316100208631315
3 3 (0) 1 : 0.19122363843946257878 0.55654415164940806982 0.07498749535012949607 0.00000000100000000000 0.17724471356099996688
4 4 (0) 1 : 0.00000000099999999997 0.00000000099999999997 0.70401655713721644769 0.00000000099999999997 0.29598343986278358164
5 5 (0) 1 : 0.28342234638345376041 0.00000000099999999998 0.71657765061654632444 0.00000000099999999998 0.00000000099999999998
6 6 (0) 1 : 0.09157868210539843457 0.18888734081069630255 0.08610585067965684236 0.00000000099999999999 0.63342812540424831003
7 7 (0) 2 : 0.00000000099999999994 0.00000000099999999994 0.99999999599999989108 0.00000000099999999994 0.00000000099999999994
8 8 (0) 1 : 0.01997930010232197226 0.01422767157907780210 0.70430371336191732734 0.00000073765923195502 0.26148857729745106360
9 9 (0) 3 : 0.00000000099999999996 0.00000000099999999996 0.00000000099999999996 0.62925285827765553570 0.37074713872234449363
10 10 (0) 4 : 0.83223510842680437083 0.00000000099999999998 0.00000000099999999998 0.16776488857319563075 0.00000000099999999998
11 11 (0) 4 : 0.00000000099999999999 0.00000000099999999999 0.13749893842244900743 0.55662726342327661921 0.30587379615427434665
12 12 (0) 4 : 0.26330549640290740188 0.02786742982945053862 0.10316709382583101606 0.23738812571121387096 0.36827185423059732861
13 13 (0) 4 : 0.99999999600000000211 0.00000000099999999994 0.00000000099999999994 0.00000000099999999994 0.00000000099999999994
14 14 (0) 4 : 0.06006197117631253968 0.00000031108032047852 0.24417556964892919713 0.66049686664523532542 0.03526528144920251101
15 15 (0) 4 : 0.00000000099999999998 0.48536062844517402493 0.00000000099999999998 0.00000000099999999998 0.51463936855482583788
16 16 (0) 5 : 0.00000000187118447756 0.00000000100000000000 0.21806717199633193771 0.34812421882926197769 0.43380860630322165550
17 17 (0) 4 : 0.01364880547252160514 0.01679565136537940553 0.12470595728949669667 0.51194625492066336836 0.33290333095193896940
18 18 (0) 5 : 0.00000000888268540841 0.00000000099999999999 0.29939575971514520436 0.53074116716354802215 0.16986306323862135348
19 19 (0) 5 : 0.00000000099999999998 0.00000000099999999998 0.09820674327075337717 0.77843772119664922382 0.12335553353259742781
20 20 (0) 5 : 0.00000000099999999998 0.00000000099999999998 0.08389443671338794872 0.74721193884586489808 0.16889362244074704322
21 21 (0) 5 : 0.00000000099999999996 0.00000000099999999996 0.00000000099999999996 0.96652464150087225025 0.03347535549912770969
22 22 (0) 5 : 0.19289089014432297953 0.00000000099999999999 0.00000000099999999999 0.32501877490807673521 0.48209033294760028632
23 23 (0) 5 : 0.00000000099999999995 0.00000000099999999995 0.00000000099999999995 0.71884140192143131110 0.28115859507856855171
24 24 (0) 5 : 0.20250512683441551642 0.01319678319837730603 0.15686978250740768459 0.39254120357791405516 0.23488710388188532852
25 25 (0) 5 : 0.11045508306490250949 0.01612068183963882156 0.00000000099999999999 0.61566555440580694736 0.25775867968965177068
26 26 (0) 5 : 0.00000000099999999999 0.00000000099999999999 0.15195229820159641965 0.84804769879840358193 0.00000000099999999999
27 27 (0) 5 : 0.13720405163861709719 0.00000000099999999998 0.00000000099999999998 0.51020089317861938571 0.35259505318276362917
28 28 (0) 5 : 0.19451544058617714628 0.00000000099999999995 0.00000000099999999995 0.80548455641382288306 0.00000000099999999995
29 29 (0) 5 : 0.00972149771750299881 0.00000000099999999999 0.00976198957263584195 0.42159055187957489297 0.55892595983028625639
30 30 (0) 5 : 0.00000000099999999998 0.00000000099999999998 0.14494072900485047151 0.52578410724572821611 0.32927516174942128568
31 31 (0) 5 : 0.24456606112237461170 0.00487318823403213100 0.00000000099999999999 0.60492076264517791184 0.14563998699841543272
32 32 (0) 5 : 0.02864119181387462729 0.00000000099999999998 0.00000000099999999998 0.21886067689439753225 0.75249812929172787968
33 33 (0) 5 : 0.00000000099999999998 0.00000000099999999998 0.00000000099999999998 0.41334911452081929406 0.58665088247918073527
34 34 (0) 5 : 0.00000000099999999999 0.00000000099999999999 0.05838136900352161596 0.44228314670625173965 0.49933548229022667320
35 35 (0) 5 : 0.00000000099999999998 0.00000000099999999998 0.00000000099999999998 0.99999999151929974683 0.00000000548070022621
36 36 (0) 5 : 0.01984628019557337780 0.00000000099999999999 0.00000000099999999999 0.68675673713335572135 0.29339698067107089496
37 37 (0) 5 : 0.05807379239051451564 0.00000000099999999999 0.11903570029144557030 0.79086503085640458277 0.03202547546163543590
38 38 (0) 5 : 0.36302057765199252648 0.00000000099999999999 0.00000000099999999999 0.44691093217994670717 0.19006848816806073965
39 39 (0) 5 : 0.21102058442106502723 0.00000000099999999998 0.00000000099999999998 0.50013466553131258330 0.28884474804762239053
40 40 (0) 5 : 0.14771186868879959686 0.00000000099999999997 0.00000000099999999997 0.51197562844972788199 0.34031250086147246670
41 41 (0) 5 : 0.00000000099999999996 0.00000000099999999996 0.00000000099999999996 0.64631795474875275431 0.35368204225124721951
42 42 (0) 5 : 0.00000000099999999999 0.67075914611896447770 0.22189821864614728275 0.00000000099999999999 0.10734263323488846265
43 43 (0) 5 : 0.19183222282193895802 0.00000000099999999999 0.15679192519385964921 0.37384373964284872693 0.27753211134135258309
44 44 (0) 4 : 0.46701119152954784219 0.00000000099999999994 0.00000000099999999994 0.53298880547045202061 0.00000000099999999994
45 45 (0) 4 : 0.19767500644921678910 0.02727221457467637888 0.21214540075161175681 0.21610843079132308064 0.34679894743317213335
46 46 (0) 4 : 0.00000000099999999998 0.02387192666131032065 0.06304965477577337274 0.35118239392033917534 0.56189602364257729139
47 47 (0) 4 : 0.13003608914812928021 0.00000000099999999999 0.06579508400541744795 0.41478686399186176503 0.38938196185459134080
48 48 (0) 5 : 0.26369512733305977559 0.01659990795362889515 0.04489242690671843561 0.16347924915128514423 0.51133328865530769392
49 49 (0) 4 : 0.00000000099999999995 0.00000000099999999995 0.07102269647555430054 0.52140689130841177956 0.40757041021603396258
50 50 (0) 4 : 0.01951477558017100655 0.48736847592495380344 0.09740623584631939724 0.00000000100000000000 0.39571051164855575166
51 51 (0) 4 : 0.00000000099999999999 0.05857978113746244164 0.25314971079535120158 0.59767492821865175756 0.09059557884853475240
52 52 (0) 4 : 0.00000000099999999999 0.60576548039210897922 0.03464762539956069837 0.05632636748596112769 0.30326052572236916749
53 53 (0) 4 : 0.13809298462660446472 0.00000000099999999997 0.12387631102508207814 0.64434090380435626866 0.09368979954395720289
54 54 (0) 4 : 0.00000000099999999998 0.58168362844664145417 0.04720464479035168387 0.06939630776589109096 0.30171541799711598664
55 55 (0) 4 : 0.00000000100000000000 0.46471721768700141597 0.03266721350556820586 0.14165395714194975452 0.36096161066548049234
56 56 (0) 4 : 0.23006049224783831075 0.00000000099999999999 0.05735501022000874527 0.68063253697775838447 0.03195195955439458085
57 57 (0) 5 : 0.32653542214283343137 0.03128379504388143634 0.01183968676087922278 0.17558084644298685428 0.45476024960941907604
58 58 (0) 4 : 0.00000000099999999999 0.43658118748638435891 0.02043129304896900908 0.03706250707107400233 0.50592501139357259898
59 59 (0) 4 : 0.05350759346015317858 0.55866642375534258935 0.10123044677442732953 0.06166542445619469653 0.22493011155388231703
60 60 (0) 4 : 0.01920694760102131110 0.00674781368619866047 0.09530286628797762782 0.33237603209382310387 0.54636634033097930541
61 61 (0) 5 : 0.00000000099999999998 0.00000000099999999998 0.29443536113325674552 0.40797770557832729876 0.29758693128841595676
62 62 (0) 6 : 0.19151172532246893421 0.36573758372563580643 0.21459865972500785647 0.01389058792196842980 0.21426144330491905809
63 63 (0) 6 : 0.00000000099999999998 0.63517172864616622263 0.14466708770494202119 0.00000000099999999998 0.22016118164889192377
64 64 (0) 6 : 0.07805783130700642836 0.00000000099999999996 0.92194216569299369812 0.00000000099999999996 0.00000000099999999996
65 65 (0) 6 : 0.00000000099999999997 0.00000000099999999997 0.17801642865606545629 0.41436757377568667060 0.40761599556824779089
66 66 (0) 6 : 0.99999999600000000211 0.00000000099999999990 0.00000000099999999990 0.00000000099999999990 0.00000000099999999990
67 67 (0) 6 : 0.00000000099999999994 0.00000000099999999994 0.71549520095011709397 0.00000000099999999994 0.28450479604988293536
68 68 (0) 6 : 0.00000000099999999999 0.00000000099999999999 0.42588598468712363099 0.10168083409782900650 0.47243317921504746071
69 69 (0) 6 : 0.00000000099999999999 0.00974995960111302816 0.20355099716732116821 0.16107065115087695895 0.62562839108068879490
70 70 (0) 6 : 0.04427259630079053571 0.00000000099999999998 0.21268776107450584889 0.13560407399975638043 0.60743556762494721468
71 71 (0) 6 : 0.00000000099999999996 0.00000000099999999996 0.30321608393850491003 0.22461543544785211868 0.47216847861364297234
72 72 (0) 7 : 0.08959809108036574654 0.00000000099999999999 0.16275489890219976830 0.45372007226431471105 0.29392693675311976076
73 73 (0) 7 : 0.00000000099999999999 0.00967356887843534921 0.31914728682428944451 0.27759294611095453043 0.39358619718632065210
74 74 (0) 7 : 0.20110384287522148350 0.00282093060729271929 0.28489543074500589537 0.25637012320230145868 0.25480967257017855809
75 75 (0) 7 : 0.00000000100000000000 0.05944797409166238666 0.38827297661002507789 0.46599682638259037892 0.08628222191572228195
76 76 (0) 7 : 0.00000000099999999996 0.00000000099999999996 0.11942355856068408160 0.88057643843931598937 0.00000000099999999996
77 77 (0) 7 : 0.34831336960464076569 0.00000043837518241265 0.23699055806343036212 0.31538755181132066552 0.09930808214542573287
78 78 (0) 7 : 0.00000000099999999997 0.00000000099999999997 0.45584120637420760813 0.54415879062579242120 0.00000000099999999997
79 79 (0) 7 : 0.00000000099999999997 0.00000000099999999997 0.22833940894793577914 0.30447289776300751063 0.46718769128905662802
80 80 (0) 7 : 0.00000000099999999998 0.00000000099999999998 0.30094790310301666736 0.60007111676326363447 0.09898097813371961595
81 81 (0) 7 : 0.16277717455394408175 0.00000000099999999996 0.08233344520672948585 0.75488937823932644733 0.00000000099999999996
82 82 (0) 7 : 0.15673437687063390689 0.07511115438017719470 0.20635361425671994162 0.10498698408306261776 0.45681387040940635291
83 83 (0) 7 : 0.00000000099999999998 0.58729275950072967749 0.31675384388563432303 0.00000000099999999998 0.09595339461363619482
84 84 (0) 7 : 0.00000000100000000000 0.00000291193086044986 0.22581442571228244054 0.57170247639699578457 0.20248018495986142007
85 85 (0) 7 : 0.04773797633346758135 0.00000000099999999999 0.18329883994304310701 0.76896318172348920861 0.00000000099999999999
86 86 (0) 7 : 0.00000000099999999999 0.48841566915028239437 0.07367651711685649363 0.00006952345381790516 0.43783828927904316908
87 87 (0) 7 : 0.00000000099999999998 0.00000000099999999998 0.18092336951309484494 0.31474780800397783587 0.50432882048292737576
88 88 (0) 7 : 0.08084901645894983224 0.54692812971937643240 0.01578655268731445765 0.00000000100000000000 0.35643630013435922965
89 89 (0) 7 : 0.14990923070635236991 0.00766100445994918541 0.00000000099999999999 0.56370359989323215455 0.27872616394046639821
90 90 (0) 7 : 0.00000000099999999998 0.00000000099999999998 0.07755758000970404409 0.34051062614366767178 0.58193179184662835457
91 91 (0) 7 : 0.00000000099999999998 0.00000000099999999998 0.16986735142297754164 0.63186876175507167286 0.19826388482195067553
92 92 (0) 7 : 0.37978874798645106958 0.01961353052687263634 0.15146020311578953232 0.44833681037188599650 0.00080070799900063331
93 93 (0) 7 : 0.07409118990794910653 0.00000000100000000000 0.11333026499197081105 0.37911136541694190338 0.43346717868313822120
94 94 (0) 7 : 0.20251606409208106063 0.00000000099999999997 0.19444978321036568425 0.60303415069755317290 0.00000000099999999997
95 95 (0) 7 : 0.35066455994622180992 0.00001444975373972555 0.04555035721624043493 0.38906116948099789266 0.21470946360280013243
96 96 (0) 7 : 0.11306208607501772034 0.00000000099999999997 0.17549039966689330972 0.71144751225808899875 0.00000000099999999997
97 97 (0) 7 : 0.36946351000715993429 0.00000000099999999994 0.00000000099999999994 0.63053648699283992851 0.00000000099999999994
98 98 (0) 7 : 0.27285213450469875118 0.00000000099999999998 0.00000000099999999998 0.72714786249530127815 0.00000000099999999998
99 99 (0) 7 : 0.00000000100000000000 0.52254233097495517146 0.43512466950518824405 0.04233297806807365116 0.00000002045178296417
100 100 (0) 6 : 0.00000000099999999998 0.00000000099999999998 0.63122288800779868811 0.21528484183469148716 0.15349226815750965924
101 101 (0) 6 : 0.02223369653285037911 0.00000000099999999999 0.60041802537037924914 0.22143837279267875040 0.15590990430409173984
102 102 (0) 6 : 0.14494855625699953894 0.00000018476366496174 0.17834743905709740663 0.00000000100000000000 0.67670381892223796516
103 103 (0) 6 : 0.00000000099999999998 0.00000000099999999998 0.56060000120900221887 0.05516791530431743029 0.38423208148668025474
104 104 (0) 6 : 0.06878618732032633354 0.00000000100000000000 0.32100483756693587445 0.00000000100000000000 0.61020897311273769592
105 105 (0) 6 : 0.09103666818498543090 0.00000000099999999999 0.56934708448733539754 0.16725323625667756766 0.17236301007100171545
106 106 (0) 6 : 0.00000000100000000000 0.00000003066093717851 0.48479623710752395294 0.03827281593547541411 0.47693091529606340684
107 107 (0) 6 : 0.00000000148471408613 0.02040411744304443387 0.59781119496528345447 0.05927786037779588652 0.32250682572916222757
108 108 (0) 6 : 0.00000000099999999999 0.55609154563994367404 0.31826303422537011167 0.00000000099999999999 0.12564541813468629861
109 109 (0) 7 : 0.00000000099999999999 0.00069253487947535265 0.24555970757571896068 0.36963549448881899417 0.38411226205598669736
110 110 (0) 7 : 0.99999999600000011313 0.00000000099999999991 0.00000000099999999991 0.00000000099999999991 0.00000000099999999991
111 111 (0) 8 : 0.25664342065786771574 0.00000000099999999998 0.70960694259975143350 0.00000000099999999998 0.03374963474238074773
112 112 (0) 6 : 0.00000000099999999992 0.00000000099999999992 0.99999999600000000211 0.00000000099999999992 0.00000000099999999992
113 113 (0) 6 : 0.00006960702561345092 0.60390621526547827447 0.39602417570890841025 0.00000000099999999999 0.00000000099999999999
114 114 (0) 6 : 0.03423648865959658810 0.00000000099999999996 0.66551929724319724979 0.30024421209720619785 0.00000000099999999996
115 115 (0) 6 : 0.17923333849344413871 0.47351139133491604305 0.34725526817163976379 0.00000000099999999998 0.00000000099999999998
116 116 (0) 6 : 0.07288950815582298515 0.01916499137403210665 0.65559047188088415137 0.18719698297769415962 0.06515804561156664232
117 117 (0) 6 : 0.00001069044169093984 0.00000000099999999999 0.66695819198114481008 0.00518041154007966784 0.32785070503708446665
118 118 (0) 6 : 0.00000000099999999995 0.00000000099999999995 0.71358555961121528100 0.00000000099999999995 0.28641443738878469283
119 119 (0) 6 : 0.00000000099999999995 0.00000000099999999995 0.89895514786542207730 0.10104484913457779938 0.00000000099999999995
120 120 (0) 6 : 0.00000000099999999997 0.00000000099999999997 0.99999999599999989108 0.00000000099999999997 0.00000000099999999997
121 121 (0) 6 : 0.00000000099999999997 0.58094613803013328557 0.41905385896986674377 0.00000000099999999997 0.00000000099999999997
122 122 (0) 9 : 0.39229915438886586720 0.00838074977503866850 0.00000000301928901573 0.18284490743256689993 0.41647518538423949908
123 123 (0) 9 : 0.09896606976859244342 0.01191916228903327699 0.00000000100000000000 0.24695408144597513767 0.64216068549639904184
124 124 (0) 9 : 0.31348207015765100492 0.00000000099999999998 0.00000000099999999998 0.04203433609609415894 0.64448359174625469148
125 125 (0) 9 : 0.02611465141639856755 0.00000000099999999999 0.01565275641887653446 0.45888593487586970543 0.49934665628885505084
126 126 (0) 9 : 0.14113932082665439638 0.00000000099999999999 0.00000286164061008387 0.55098415051561311362 0.30787366601712229386
127 127 (0) 9 : 0.14535536665109036192 0.00000000099999999996 0.00000000099999999996 0.49214423721658778765 0.36250039413232187924
128 128 (0) 9 : 0.19219155645362226426 0.00000000099999999997 0.00000000099999999997 0.14207861817740066734 0.66572982336897712496
129 129 (0) 9 : 0.16250501844126924444 0.01251662094881536742 0.00000000100000000000 0.19987284935776955530 0.62510551025214589060
130 130 (0) 9 : 0.36663202288763524495 0.00000000099999999998 0.07013883055752119511 0.19502953801602301853 0.36819960753882069460
131 131 (0) 9 : 0.00000000099999999999 0.00000000099999999999 0.10708316187235727979 0.39471951883694089691 0.49819731729070187987
132 132 (0) 9 : 0.18099696683143864928 0.00000000099999999998 0.00000000099999999998 0.14802034848508957565 0.67098268268347194265
133 133 (0) 9 : 0.00000000099999999999 0.00000000099999999999 0.21651529835192798168 0.54581353291864198596 0.23767116672943000566
134 134 (0) 9 : 0.99999999600000000211 0.00000000099999999989 0.00000000099999999989 0.00000000099999999989 0.00000000099999999989
135 135 (0) 9 : 0.00000000099999999995 0.00000000099999999995 0.00000000099999999995 0.06834747231913547438 0.93165252468086445781
136 136 (0) 9 : 0.33663891774338045026 0.00000000099999999999 0.00000000099999999999 0.29612838343665953689 0.36723269681996006941
137 137 (0) 9 : 0.04073366273905161539 0.00000000099999999999 0.21221118388003171185 0.31930784610754059383 0.42774730627337614886
138 138 (0) 9 : 0.00000000099999999999 0.00820232214949818440 0.00000000099999999999 0.40124713452901450417 0.59055054132148721013
139 139 (0) 9 : 0.03388971119414879024 0.00000000099999999998 0.15025632054646750890 0.35551649414513702974 0.46033747311424655368
140 140 (0) 9 : 0.03587777001573343866 0.00000000099999999996 0.00000000099999999996 0.27122456045020137960 0.69289766753406512034
141 141 (0) 9 : 0.06012840888548388885 0.00000000099999999997 0.03777042210970957270 0.59908795079794652239 0.30301321720685997496
142 142 (0) 9 : 0.01318853957284519228 0.00000000100000000000 0.23243907744097860868 0.30107887714090436626 0.45329350484527186627
143 143 (0) 9 : 0.99999999600000000211 0.00000000099999999994 0.00000000099999999994 0.00000000099999999994 0.00000000099999999994
144 144 (0) 9 : 0.05161852148765857379 0.02958044454828377343 0.16773276662619643340 0.32011963097446022308 0.43094863636340108304
145 145 (0) 3 : 0.22016696354776130184 0.00000000099999999998 0.00000000099999999998 0.33780533074263269233 0.44202770370960597912
146 146 (0) 3 : 0.00000000099999999999 0.42190610527450717049 0.00000000099999999999 0.06633916834678868502 0.51175472437870406228
147 147 (0) 3 : 0.00000000099999999997 0.00000000099999999997 0.00000000099999999997 0.12262288142887492470 0.87737711557112518790
148 148 (0) 3 : 0.05148360822664700687 0.06124158699546739665 0.00000000099999999999 0.39957519152327769518 0.48769961225460783938
149 149 (0) 3 : 0.00000000099999999998 0.00000000099999999998 0.00000000099999999998 0.39251400653825396780 0.60748599046174600602
150 150 (0) 3 : 0.06674066495361326290 0.01582536018797384494 0.00000000100000000000 0.31943669605586860749 0.59799727780254430254
151 151 (0) 3 : 0.10417931630118409947 0.00000000099999999997 0.00000000099999999997 0.44822652635489163009 0.44759415534392421598
152 152 (0) 3 : 0.13116448158477519992 0.00000000099999999996 0.00000000099999999996 0.39126557385628130126 0.47756994255894347212
153 153 (0) 3 : 0.00162566517776513322 0.01890090169094438624 0.00000000099999999999 0.62326759290044075890 0.35620583923084958577
154 154 (0) 3 : 0.23457271582234451301 0.00000000269733669749 0.00000000100000000000 0.51071072023697527964 0.25471656024334338175
155 155 (0) 3 : 0.26083745754633452796 0.06466822500046480460 0.00000000100000000000 0.61412625436606771423 0.06036806208713293986
156 156 (0) 3 : 0.20883935017994925687 0.04548502011556199848 0.00000000099999999999 0.40277266682411416721 0.34290296188037461267
157 157 (0) 3 : 0.25902215118695315343 0.00621625151075790982 0.00000000100000000000 0.24752739892753819473 0.48723419737475071045
158 158 (0) 3 : 0.00000000100000000000 0.00000000296379969954 0.13442340675878874934 0.59387858498984236189 0.27169800428756907262
159 159 (0) 3 : 0.00000000099999999997 0.58221367402248735967 0.00000000099999999997 0.05404398762277355661 0.36374233635473912640
160 160 (0) 3 : 0.06988991128773942851 0.00000000099999999998 0.12834798141724002019 0.26438137099414737996 0.53738073530087326901
161 161 (0) 3 : 0.18262447201434084398 0.00000000099999999997 0.00000000099999999997 0.13148717260002151797 0.68588835338563780564
162 162 (0) 3 : 0.02546507167771495245 0.00000000099999999999 0.00995094728267988983 0.51344990766562237372 0.45113407237398278626
163 163 (0) 3 : 0.00000000099999999995 0.00000000099999999995 0.00000000099999999995 0.58277572757550244464 0.41722426942449747367
164 164 (0) 3 : 0.06071683662429928213 0.00000000099999999998 0.00000000099999999998 0.53203811871863870842 0.40724504265706207295
165 165 (0) 3 : 0.19265436727018378504 0.00000000099999999999 0.00000000099999999999 0.14483845895897487499 0.66250717177084128551
166 166 (0) 3 : 0.00000000099999999997 0.00000000099999999997 0.00000000099999999997 0.65391343681714275693 0.34608656018285727241
167 167 (0) 3 : 0.00000000099999999999 0.00000000099999999999 0.00000000099999999999 0.28700653336218040490 0.71299346363781956892
168 168 (0) 3 : 0.29217271013155088344 0.00000000099999999998 0.00000000099999999998 0.34684961539078729142 0.36097767247766171517
169 169 (0) 3 : 0.00433841874852661583 0.00000000099999999999 0.07777425783816539762 0.62514496055447177358 0.29274236185883623085
170 170 (0) 3 : 0.06876320298773835882 0.00464936305762055600 0.00000000100000000000 0.36244147279725807964 0.56414596015738283086
171 171 (0) 3 : 0.00000000099999999999 0.00000000099999999999 0.17449498972514115858 0.62665641521955539606 0.19884859305530347418
172 172 (0) 3 : 0.05859862437285742048 0.00000000099999999999 0.05468350114743159018 0.46692054671328886428 0.41979732676642217415
173 173 (0) 3 : 0.12425664109790929279 0.00000000099999999999 0.00000000126184486321 0.37827775027021542931 0.49746560637003051086
174 174 (0) 9 : 0.00000000099999999996 0.00000000099999999996 0.07223273038564333171 0.52604907496788699817 0.40171819264646951853
175 175 (0) 9 : 0.99999999600000000211 0.00000000099999999994 0.00000000099999999994 0.00000000099999999994 0.00000000099999999994
176 176 (0) 9 : 0.08915764015503793716 0.00000000100000000000 0.01346007346598697765 0.22010896950062522337 0.67727331587834982418
177 177 (0) 9 : 0.08085647706752721597 0.00000000099999999999 0.36666293533734239940 0.28755537005454551158 0.26492521654058492908
178 178 (0) 9 : 0.05627609516319273530 0.00000000099999999999 0.12480686679624826418 0.26638275531207022961 0.55253428172848872979
179 179 (0) 9 : 0.15092143868282148489 0.00000000100000000000 0.04122672874481434629 0.35234417502652404242 0.45550765654584007835
180 180 (0) 9 : 0.13229595121816009606 0.00000000100000000000 0.17243931597620099083 0.31268163002568516440 0.38258310177995380474
181 181 (0) 1 : 0.00000000099999999998 0.00000000099999999998 0.37458048672565519288 0.09064681433621024631 0.53477269693813467288
182 182 (0) 1 : 0.00000000100000000000 0.00927722978880954688 0.42725560256113853663 0.00000000100000000000 0.56346716565005172672
183 183 (0) 1 : 0.00000000099999999998 0.00000000099999999998 0.47264824703861141320 0.04044794095172207088 0.48690381000966648228
184 184 (0) 1 : 0.01140501438232013887 0.02048859323823802592 0.41786155596713170368 0.00000000099999999999 0.55024483541231017369
185 185 (0) 1 : 0.00000000099999999995 0.00000000099999999995 0.41683975448169285904 0.02879336429212612375 0.55436687922618088642
186 186 (0) 1 : 0.07311057980777969922 0.00000000100000000000 0.24837183788911149085 0.24114969791790324960 0.43736788338520565800
187 187 (0) 1 : 0.00000000099999999998 0.00000000099999999998 0.44579881866955545222 0.01509152271115845982 0.53910965661928600401
188 188 (0) 1 : 0.00000000099999999998 0.00000000099999999998 0.18018740213494197078 0.04029569785141347976 0.77951689801364443255
189 189 (0) 2 : 0.02536634696556790483 0.00007231402150701995 0.17721721410011342934 0.00000000100000000000 0.79734412391281161980
190 190 (0) 2 : 0.00502421123533960089 0.00389441251612090240 0.14502557161762960614 0.34271608713198070673 0.50333971749892925107
191 191 (0) 2 : 0.02791207179904980906 0.00000000099999999999 0.14310150243093452960 0.21644697434879597853 0.61253945042121971110
192 192 (0) 2 : 0.00000000099999999998 0.00000000099999999998 0.15769143910353766724 0.37552530002833478529 0.46678325886812765955
193 193 (0) 2 : 0.08168272922078613496 0.00000000099999999999 0.01931080468978813719 0.06833248116955557838 0.83067398391987012918
194 194 (0) 2 : 0.05645792943817803944 0.00000000099999999998 0.00000000099999999998 0.14312594999018157793 0.80041611857164030042
195 195 (0) 2 : 0.00000000099999999998 0.00000000099999999998 0.58337787969265719745 0.00954563696112099846 0.40707648134622176350
196 196 (0) 2 : 0.00000000099999999996 0.00000000099999999996 0.25124792026874204209 0.39160774863527209044 0.35714432909598581301
197 197 (0) 1 : 0.00000000099999999999 0.00000000099999999999 0.10705967402107466335 0.12392178584790650153 0.76901853813101894719
198 198 (0) 1 : 0.00000000099999999998 0.00000000099999999998 0.72830784350445376685 0.00056988907412734333 0.27112226542141870667
199 199 (0) 1 : 0.10316276734195026221 0.00000000099999999997 0.34011371273651480607 0.03846439187148871508 0.51825912705004617553
200 200 (0) 1 : 0.00000000099999999999 0.00154470334078793186 0.79459835812590828841 0.00000000099999999999 0.20385693653330380637
201 201 (0) 1 : 0.00000000099999999998 0.00000000099999999998 0.60036706805915440732 0.00000000099999999998 0.39963292894084556650
202 202 (0) 1 : 0.00000000099999999992 0.00000000099999999992 0.99999999600000000211 0.00000000099999999992 0.00000000099999999992
203 203 (0) 2 : 0.10596436960396544980 0.27745187812617211343 0.08973155413763117538 0.05442067861799488454 0.47243151951423645318
204 204 (0) 2 : 0.00000000099999999999 0.00000000099999999999 0.45836037896343045928 0.04591124586086436921 0.49572837317570528359
205 205 (0) 2 : 0.05140955151496376385 0.59440963806382651757 0.00000000100000000000 0.04020517714937976023 0.31397563227183006296
206 206 (0) 2 : 0.03358352935327323097 0.00000000099999999999 0.19549934017980077905 0.17685881225879321321 0.59405831720813284669
207 207 (0) 2 : 0.00000000099999999999 0.02314952172488183094 0.11238110432932765792 0.01401248159598234184 0.85045689134980817503
208 208 (0) 2 : 0.00000000100000000000 0.04244457393359245267 0.05156489865825908403 0.16298326922375447334 0.74300725718439397660
209 209 (0) 2 : 0.00000000099999999996 0.00000000099999999996 0.25885635105698301395 0.20640641310627896865 0.53473723383673799070
210 210 (0) 1 : 0.00000000099999999992 0.00000000099999999992 0.40851498091646398780 0.00000000099999999992 0.59148501608353609704
211 211 (0) 1 : 0.14211554225716194200 0.00000000099999999999 0.57495850112230295625 0.14196072432172432420 0.14096523129881066705
212 212 (0) 1 : 0.02755494619341348345 0.00000000099999999998 0.66551968677740958036 0.06871366277922477672 0.23821170324995191714
213 213 (0) 1 : 0.01486799974869101523 0.00000000099999999999 0.67198885296561128300 0.00000000099999999999 0.31314314528569764384
214 214 (0) 1 : 0.00000000099999999993 0.00000000099999999993 0.24510552677653893450 0.00000000099999999993 0.75489447022346101157
215 215 (0) 1 : 0.00000000099999999996 0.00000000099999999996 0.88568101802793697264 0.00000000099999999996 0.11431897897206308445
216 216 (0) 1 : 0.00000000099999999999 0.00000000099999999999 0.87181792254008727561 0.01986610618071213072 0.10831596927920070228
217 217 (0) 1 : 0.08890854421630738080 0.00000000099999999998 0.43276194131586220859 0.00000000099999999998 0.47832951246783045329
218 218 (0) 2 : 0.00000000099999999996 0.00000000099999999996 0.25185262973551447718 0.00000000099999999996 0.74814736726448538562
219 219 (0) 2 : 0.00000000099999999998 0.00000000099999999998 0.23837340069654819330 0.25763419120294672737 0.50399240610050510814
220 220 (0) 2 : 0.00000000100000000000 0.00931384426297489527 0.52568194509012344806 0.14860891670657638830 0.31639529294032525675
221 221 (0) 2 : 0.00000000099999999999 0.00000000099999999999 0.29434997282549812958 0.30460252021174344383 0.40104750496275842764
222 222 (0) 2 : 0.00000000100000000000 0.03092888762185993720 0.43417702171428390612 0.07398423206612773917 0.46090985759772828967
223 223 (0) 2 : 0.00000000099999999998 0.00000000099999999998 0.04182372182696198620 0.05069987088433865197 0.90747640528869932819
224 224 (0) 2 : 0.00000000099999999997 0.00000000099999999997 0.17253229754551477337 0.16649199925507365827 0.66097570119941162492
225 225 (0) 2 : 0.00000000099999999997 0.00000000099999999997 0.36946447037457924578 0.15071120160956008593 0.47982432601586066934
226 226 (0) 2 : 0.00000000099999999999 0.00000000099999999999 0.23089189592925485339 0.03270107840749256201 0.73640702366325272443
227 227 (0) 2 : 0.00000000099999999996 0.00000000099999999996 0.08314539085780740801 0.15533506073279290671 0.76151954640939967245
228 228 (0) 2 : 0.00000000099999999998 0.00000000099999999998 0.25686622371244116625 0.00000007960300613905 0.74313369468455270361
229 229 (0) 2 : 0.00000000099999999998 0.46220420552100149880 0.05487145724487203086 0.00000000099999999998 0.48292433523412636731
230 230 (0) 2 : 0.16558407479747760949 0.00000000100000000000 0.10892011584887414943 0.25464068413667639845 0.47085512421697195418
231 231 (0) 2 : 0.01577820656057823609 0.00145890204504881991 0.06984575447159510619 0.14722163535096272069 0.76569550157181509586
232 232 (0) 10 : 0.03122465754874787294 0.01478072254947173335 0.00000153983878452589 0.00000000099999999999 0.95399307906299579685
233 233 (0) 10 : 0.20249054821805961835 0.00000000099999999997 0.01756510965483845665 0.00000000099999999997 0.77994434012710189830
234 234 (0) 10 : 0.03057603689239231023 0.00000000099999999998 0.43712759508016724164 0.07528507032131145915 0.45701129670612911093
235 235 (0) 10 : 0.06609286787409686392 0.00286073657912554917 0.39423016737010274646 0.03680233751421662508 0.50001389066245816029
236 236 (0) 10 : 0.19881147653897546235 0.00000000099999999998 0.04514905464448752681 0.00000000099999999998 0.75603946681653710904
237 237 (0) 10 : 0.00000000099999999999 0.00000000099999999999 0.29741402419468915275 0.10470186617165073983 0.59788410763366017786
238 238 (0) 10 : 0.07876744894079600046 0.00000000099999999998 0.00000000099999999998 0.02743452481370877230 0.89379802424549525952
239 239 (0) 10 : 0.00000000099999999997 0.00000000099999999997 0.30663007533759423229 0.00000000099999999997 0.69336992166240574154
240 240 (0) 10 : 0.00000000099999999998 0.00000000099999999998 0.41177371699370185487 0.11285805350392209834 0.47536822750237595070
241 241 (0) 10 : 0.19110196259778797212 0.00000000099999999999 0.03866660800016097355 0.00000000099999999999 0.77023142740205108314
242 242 (0) 10 : 0.19609822364743081935 0.00000000099999999998 0.00000000099999999998 0.31555427989456280580 0.48834749445800629264
243 243 (0) 10 : 0.00000000099999999998 0.00000000099999999998 0.15598299803359980120 0.00000000099999999998 0.84401699896640014487
244 244 (0) 10 : 0.00000000099999999999 0.00179948486750147242 0.18899742463580532226 0.00000000099999999999 0.80920308849669320139
245 245 (0) 10 : 0.00000000099999999997 0.00000000099999999997 0.07632935388047136505 0.09163457452229954725 0.83203606959722919978
246 246 (0) 10 : 0.02905720872394948820 0.00000000099999999999 0.06738145879710923103 0.00000000099999999999 0.90356133047894116039
247 247 (0) 10 : 0.02834122020581572240 0.02589055125685325864 0.00000000100000000000 0.07481540352801496763 0.87095282400931595124
248 248 (0) 10 : 0.00000060095726101754 0.00066192799747611850 0.12581814115069725468 0.13505383065641349272 0.73846549923815218985
249 249 (0) 10 : 0.00000000099999999999 0.00002388670882183105 0.00000000099999999999 0.06819698673076660111 0.93177912456041156464
250 250 (0) 10 : 0.01369904901493223214 0.00000000099999999999 0.27159329060098702513 0.08764578375947769395 0.62706187562460302676
251 251 (0) 10 : 0.00000000099999999998 0.00000000099999999998 0.67287643995356716253 0.00000000099999999998 0.32712355704643286680
252 252 (0) 10 : 0.00000000099999999999 0.01887361169190654442 0.00000000099999999999 0.00000000099999999999 0.98112638530809348492
253 253 (0) 10 : 0.00000000099999999998 0.00000000099999999998 0.09880518886710061566 0.11202843209839333238 0.78916637703450620567
254 254 (0) 10 : 0.00000000099999999998 0.00000000099999999998 0.46720929213104622768 0.02738562642685545695 0.50540507944209833724
255 255 (0) 10 : 0.01616493379165003311 0.00000000099999999998 0.26856489434192160060 0.00000000099999999998 0.71527016986642832919
256 256 (0) 10 : 0.00000000099999999998 0.58502612488796967849 0.00000000099999999998 0.00000000099999999998 0.41497387211203051738
257 257 (0) 10 : 0.00000000099999999996 0.00000000099999999996 0.06176812723703051233 0.00000000099999999996 0.93823186976296946149
258 258 (0) 10 : 0.00000000099999999999 0.00000000099999999999 0.41055823785669853798 0.00000000099999999999 0.58944175914330154686
259 259 (0) 10 : 0.00000000099999999996 0.00000000099999999996 0.09247665332529574067 0.00000000099999999996 0.90752334367470421927
260 260 (0) 10 : 0.00000000099999999999 0.02348033557150829703 0.19363535649678320638 0.02023168838324787555 0.76265261854846055911
261 261 (0) 10 : 0.03267947171933834744 0.01624708924236142882 0.21084786947739092566 0.08120629715261909465 0.65901927240829027976
262 262 (0) 11 : 0.08093178611660006849 0.01834872891104970261 0.43740521375611252086 0.13069046144737472837 0.33262380976886291029
263 263 (0) 11 : 0.00000000099999999999 0.00000000099999999999 0.32468213145304225531 0.00012920582900969660 0.67518866071794803041
264 264 (0) 11 : 0.00000000099999999999 0.00000000099999999999 0.13047345345331806676 0.00000000099999999999 0.86952654354668190706
265 265 (0) 11 : 0.00000000099999999997 0.60756261906125952343 0.39243737793874045039 0.00000000099999999997 0.00000000099999999997
266 266 (0) 11 : 0.00000000099999999999 0.01281958967355871851 0.04000268767074734166 0.00000000099999999999 0.94717772065569394435
267 267 (0) 11 : 0.00000000099999999997 0.72317725826622136776 0.27682273873377871709 0.00000000099999999997 0.00000000099999999997
268 268 (0) 11 : 0.04635851616192977753 0.00000000099999999997 0.00000000099999999997 0.00000000099999999997 0.95364148083807032119
269 269 (0) 11 : 0.02724531962845366459 0.00000000099999999999 0.14907699612680799794 0.16314817762739225460 0.66052950561734613544
270 270 (0) 11 : 0.00000000099999999998 0.00000000099999999998 0.17539397765033334919 0.00969809840735369466 0.81490792194231309598
271 271 (0) 11 : 0.00000000099999999995 0.00000000099999999995 0.54753108165898423110 0.00000000099999999995 0.45246891534101563170
272 272 (0) 11 : 0.00000000099999999999 0.00349908377517269302 0.47512693980673753602 0.00847992885995373785 0.51289404655813619627
273 273 (0) 11 : 0.29015147728716683684 0.13265664298582827141 0.41137124347364667498 0.16582063525335813403 0.00000000099999999999
274 274 (0) 11 : 0.00000000099999999995 0.51221905167268744208 0.16485875250799386649 0.00000000099999999995 0.32292219381931858146
275 275 (0) 11 : 0.04180710031308492586 0.00000000099999999999 0.33874308609407804971 0.00000000751959074466 0.61944980507324631791
276 276 (0) 11 : 0.28602842772038705732 0.18486322016179795868 0.03479060874351831006 0.09731111256579119684 0.39700663080850545628
277 277 (0) 11 : 0.02493056229460916678 0.04908645741872418727 0.39936626556751286810 0.03598612458546865400 0.49063059013368526262
278 278 (0) 11 : 0.00000000100000000000 0.06108047987303784343 0.27184236131441169571 0.24737169895143251708 0.41970545886111787492
279 279 (0) 11 : 0.00000000099999999996 0.00000000099999999996 0.99999999599999989108 0.00000000099999999996 0.00000000099999999996
280 280 (0) 11 : 0.00003780380250840105 0.06856570299446609895 0.16035631339176237287 0.23306414414538872970 0.53797603566587448576
281 281 (0) 11 : 0.00000000099999999998 0.00000000099999999998 0.60549548959492527356 0.06699901636098633262 0.32750549204408835324
282 282 (0) 11 : 0.00789181700412213728 0.00582631734834152936 0.24106627694769430792 0.00000000099999999999 0.74521558769984197479
283 283 (0) 11 : 0.00000000099999999998 0.00000000099999999998 0.62633430490980779304 0.37366569209019212527 0.00000000099999999998
284 284 (0) 11 : 0.03414623868882096791 0.00000000100000000000 0.79783802585211993641 0.08235080558698901210 0.08566492887207004248
285 285 (0) 11 : 0.14201061414719406972 0.00000000099999999998 0.15628540294052953308 0.01900448066029089556 0.68269950125198552993
286 286 (0) 11 : 0.00000000099999999998 0.02104603717643308003 0.60272304333923398811 0.14504386369443844629 0.23118705478989462487
287 287 (0) 11 : 0.11747238250594310704 0.01299547711157532023 0.28164012009162064931 0.00000000099999999999 0.58789201929086076781
288 288 (0) 11 : 0.01887536834887333648 0.02805067087885304219 0.26285153896300467169 0.00020893005297923034 0.69001349175628978738
289 289 (0) 11 : 0.00000000100000000000 0.00060763868379008778 0.31982826682764980974 0.01314610644999528524 0.66641798703856469643
290 290 (0) 11 : 0.00000000099999999999 0.05077266657631773067 0.55035022492827934126 0.08023823131618902649 0.31863887617921399231
291 291 (0) 11 : 0.14408253755827943321 0.00000001235397468079 0.66051034213552062280 0.16002824994259559621 0.03537885800962971977
292 292 (0) 12 : 0.00000000099999999991 0.99999999600000011313 0.00000000099999999991 0.00000000099999999991 0.00000000099999999991
293 293 (0) 12 : 0.22417571348139786469 0.12136052685177597943 0.00000000099999999998 0.65446375766682607367 0.00000000099999999998
294 294 (0) 12 : 0.00000000099999999990 0.99999999600000000211 0.00000000099999999990 0.00000000099999999990 0.00000000099999999990
295 295 (0) 12 : 0.05972142480836430817 0.94027857219163579749 0.00000000099999999994 0.00000000099999999994 0.00000000099999999994
296 296 (0) 12 : 0.00000000099999999991 0.99999999600000000211 0.00000000099999999991 0.00000000099999999991 0.00000000099999999991
297 297 (0) 12 : 0.00000000099999999996 0.98118650015512198781 0.00000000099999999996 0.00000000099999999996 0.01881349684487820459
298 298 (0) 12 : 0.10079660828587184984 0.89920338871412808235 0.00000000099999999995 0.00000000099999999995 0.00000000099999999995
299 299 (0) 12 : 0.00000000099999999988 0.99999999600000011313 0.00000000099999999988 0.00000000099999999988 0.00000000099999999988
300 300 (0) 12 : 0.00000000099999999999 0.08746725535836299970 0.14983206946788307778 0.38756296114825239396 0.37513771302550164011
301 301 (0) 12 : 0.14128590853760034096 0.00000000099999999996 0.00000000099999999996 0.85871408846239971613 0.00000000099999999996
302 302 (0) 12 : 0.00000000099999999993 0.99999999600000000211 0.00000000099999999993 0.00000000099999999993 0.00000000099999999993
303 303 (0) 12 : 0.00000000099999999998 0.96548011418920776094 0.03451988281079221288 0.00000000099999999998 0.00000000099999999998
304 304 (0) 12 : 0.00000000099999999998 0.45880408471555339522 0.00000000099999999998 0.00007304390894057032 0.54112286937550591048
305 305 (0) 12 : 0.00000300226774502343 0.08727079698328293889 0.00000000099999999999 0.46600128146781583105 0.44672491828115623580
306 306 (0) 12 : 0.00000002084760786384 0.85332227843459629302 0.00000000099999999996 0.14667769871779581803 0.00000000099999999996
307 307 (0) 12 : 0.00000000099999999994 0.99999999600000000211 0.00000000099999999994 0.00000000099999999994 0.00000000099999999994
308 308 (0) 12 : 0.00000000099999999998 0.95208411871040943275 0.00000000099999999998 0.00000000099999999998 0.04791587828959073536
309 309 (0) 12 : 0.06552732210133635493 0.05286537776467842287 0.07542777778647080655 0.57975992855106206481 0.22641959379645243411
310 310 (0) 12 : 0.00000000099999999998 0.95611349181511129380 0.00000000099999999998 0.00000000099999999998 0.04388650518488881186
311 311 (0) 12 : 0.00000003700473904704 0.65808274083259454823 0.00000000099999999999 0.11487294549707131874 0.22704427566559526319
312 312 (0) 12 : 0.49710442888679173823 0.02172141569824439025 0.00000000099999999999 0.48117415341496388992 0.00000000099999999999
313 313 (0) 12 : 0.00000000099999999998 0.03803977247638339748 0.00000000099999999998 0.74914972296266713059 0.21281050256094954931
314 314 (0) 12 : 0.00000000099999999998 0.67212064253825876126 0.00000000099999999998 0.00000117109766530205 0.32787818436407595302
315 315 (0) 12 : 0.00061256895147029141 0.99938742804852986890 0.00000000099999999995 0.00000000099999999995 0.00000000099999999995
316 316 (0) 12 : 0.00000000099999999998 0.80955954277811403852 0.00000000099999999998 0.02026467959560451781 0.17017577562628136145
317 317 (0) 12 : 0.00000000099999999995 0.81220883232079610359 0.00000000099999999995 0.00000000099999999995 0.18779116467920409228
318 318 (0) 12 : 0.00000000348521809445 0.00000000100000000000 0.06420615435514998026 0.54436593947463640664 0.39142790168499547176
319 319 (0) 12 : 0.00000000100000000000 0.85054726257726442906 0.00000000100000000000 0.14941278634293389538 0.00003994907980160668
320 320 (0) 12 : 0.00000000099999999998 0.07046100373764695168 0.16501090797717790637 0.56985207103836721387 0.19467601624680785921
321 321 (0) 12 : 0.00000000099999999999 0.81853504517273456553 0.00000043619810719037 0.00000000099999999999 0.18146451662915832892
322 322 (0) 13 : 0.01113193760225862292 0.00000000099999999999 0.00000353187446710479 0.12446854880091509643 0.86439598072235912518
323 323 (0) 13 : 0.00000000099999999999 0.00000000099999999999 0.00000000099999999999 0.19300744870376312923 0.80699254829623678908
324 324 (0) 13 : 0.00000000099999999994 0.00000000099999999994 0.00000000099999999994 0.00000000099999999994 0.99999999599999989108
325 325 (0) 13 : 0.00000000099999999996 0.00000000099999999996 0.00000000099999999996 0.00000000099999999996 0.99999999599999989108
326 326 (0) 13 : 0.00000000100000000000 0.00254515532196842795 0.49467223171107449486 0.00556861082438910200 0.49721400114256808500
327 327 (0) 13 : 0.00000011648148717011 0.00000000099999999999 0.02924821694478875120 0.07376002074256207686 0.89699164483116189395
328 328 (0) 13 : 0.00000422250477994499 0.00000000100000000000 0.00000000100000000000 0.02011595068968740144 0.97987982480553270648
329 329 (0) 13 : 0.04705116009199552390 0.00000000099999999999 0.04145501096015812709 0.04781667382274454314 0.86367715412510193129
330 330 (0) 13 : 0.09932574883969627622 0.00000000099999999999 0.06854596884495764431 0.00000000099999999999 0.83212828031534613604
331 331 (0) 13 : 0.99999999600000000211 0.00000000099999999993 0.00000000099999999993 0.00000000099999999993 0.00000000099999999993
332 332 (0) 13 : 0.01105416695609196670 0.00000000099999999999 0.03635204833019525794 0.09780714214888969193 0.85478664156482297987
333 333 (0) 13 : 0.08628888204760955249 0.00000000099999999998 0.00000000099999999998 0.19324969657119661637 0.72046141938119401260
334 334 (0) 13 : 0.00000000099999999997 0.00000000099999999997 0.00000000099999999997 0.00000000099999999997 0.99999999600000000211
335 335 (0) 13 : 0.00000000099999999997 0.00000000099999999997 0.13694429215848594183 0.20555999519389966945 0.65749571064761425099
336 336 (0) 13 : 0.00000000099999999999 0.00000000099999999999 0.14390122351351247731 0.04215883971600845742 0.81393993477047910101
337 337 (0) 13 : 0.00000000099999999996 0.01825189490083158755 0.24094960103978182997 0.00000000099999999996 0.74079850205938646557
338 338 (0) 13 : 0.05486275304454221041 0.00000000099999999998 0.07787993982230202727 0.00000000099999999998 0.86725730513315568704
339 339 (0) 13 : 0.00000000099999999999 0.00262658864219395688 0.37163978874273234654 0.31398657163021354011 0.31174704998486002516
340 340 (0) 13 : 0.00000000100000000000 0.01916559077341024181 0.08152224905324015336 0.23523526032231434346 0.66407689885103515781
341 341 (0) 13 : 0.00000000099999999998 0.00000000099999999998 0.18848258066041287395 0.02074024589015265388 0.79077717144943460159
342 342 (0) 13 : 0.00000000099999999997 0.00000000099999999997 0.17664930842001766442 0.00000000099999999997 0.82335068857998239267
343 343 (0) 13 : 0.00000000099999999998 0.00000000099999999998 0.27822246458837396332 0.00000000099999999998 0.72177753241162589948
344 344 (0) 13 : 0.00000000099999999999 0.00000000099999999999 0.04898167919795818476 0.04188822212170192905 0.90913009668033994970
345 345 (0) 13 : 0.00000000099999999997 0.54216810827315187193 0.11884288173667838240 0.00000000099999999997 0.33898900799016978835
346 346 (0) 13 : 0.00000000099999999997 0.00000000099999999997 0.00222549222266116720 0.33296980163424949595 0.66480470414308923122
347 347 (0) 13 : 0.01626630528873182838 0.00000000099999999997 0.00000000099999999997 0.01098253136205077328 0.97275116134921746358
348 348 (0) 13 : 0.09507414119667777219 0.00000000099999999999 0.13483663083661073800 0.00000000099999999999 0.77008922596671147698
349 349 (0) 13 : 0.20389664477117461217 0.00000000099999999998 0.08948522018848775739 0.04647314277706825897 0.66014499126326919853
350 350 (0) 13 : 0.00000000099999999999 0.76633587134069180991 0.00000000099999999999 0.00000000099999999999 0.23366412565930821943
351 351 (0) 13 : 0.00073323247292002096 0.01189206377473792965 0.00000000099999999998 0.00000000099999999998 0.98737470175234209879
