1 1 (0) 1 : 0.00000000099999999996 0.56874808028873469201 0.00000000099999999996 0.00000000099999999996 0.00000000099999999996 0.43125191571126553214
2 2 (0) 1 : 0.02080879860695276223 0.33201400989953311349 0.27925304528364303103 0.30576345991551612258 0.04249077328503812756 0.01966991300931688474
3 3 (0) 1 : 0.17950123479210253197 0.43568949226991393608 0.14557243402950731381 0.00000000099999999997 0.00000000099999999997 0.23923683690847610817
4 4 (0) 1 : 0.00000000099999999996 0.65276237059916619732 0.13739593531023561179 0.00000000099999999996 0.20984169109059816472 0.00000000099999999996
5 5 (0) 1 : 0.00000000099999999999 0.21286838316727138554 0.19468901994067347450 0.21362583518808339611 0.04529496630476499003 0.33352179439920681681
6 6 (0) 2 : 0.28367918971350852830 0.71632080628649152931 0.00000000099999999995 0.00000000099999999995 0.00000000099999999995 0.00000000099999999995
7 7 (0) 1 : 0.00000000099999999998 0.73390512052597189907 0.26609485699199914022 0.00000000634443393002 0.00000000099999999998 0.00000001413759518663
8 8 (0) 3 : 0.04699091445918440746 0.00000000099999999997 0.00000000099999999997 0.00000000099999999997 0.48497904259648805247 0.46803003994432745838
9 9 (0) 4 : 0.05874467357996067396 0.25114904235260104848 0.00000000099999999996 0.00000000099999999996 0.69010628106743809873 0.00000000099999999996
10 10 (0) 4 : 0.31364921742381157710 0.05117296802168510433 0.01930303705798403630 0.50301451130313601379 0.11286026519338326901 0.00000000100000000000
11 11 (0) 4 : 0.08537916893456576339 0.05510897662275585779 0.00000000100000000000 0.00000000100000000000 0.43915987716770832350 0.42035197527496986902
12 12 (0) 4 : 0.00000000099999999997 0.37644704996765149252 0.00045485810365295985 0.00000000099999999997 0.62309808892869544827 0.00000000099999999997
13 13 (0) 4 : 0.00000000099999999999 0.16374840585355804334 0.00003709322324175424 0.48554074610359476694 0.35067375281960538880 0.00000000099999999999
14 14 (0) 5 : 0.30362005657733165398 0.00001218909456788831 0.00000000099999999999 0.61338821851696068155 0.00000000099999999999 0.08297953381113984395
15 15 (0) 4 : 0.20581598692364022618 0.00000000099999999997 0.00000000099999999997 0.34519659741359076666 0.24993601922289526707 0.19905139443987371339
16 16 (0) 5 : 0.05851770853185472160 0.13716271074307959110 0.00000000100000000000 0.55265615849704552431 0.25166342022802018485 0.00000000100000000000
17 17 (0) 5 : 0.26479408834339557277 0.00000000099999999998 0.00000000826950728479 0.42235225767929801544 0.31285364370779894516 0.00000000099999999998
18 18 (0) 5 : 0.37315469163552478227 0.00000000099999999994 0.00000000099999999994 0.01696439392699455873 0.43155684378170844351 0.17832406865577218880
19 19 (0) 5 : 0.05991939887559979971 0.00000000099999999996 0.00000000099999999996 0.40057753799057699284 0.53950306013382320902 0.00000000099999999996
20 20 (0) 5 : 0.00000000099999999997 0.00000000099999999997 0.00000000099999999997 0.00000000099999999997 0.39926512236875938422 0.60073487363124056237
21 21 (0) 5 : 0.00000000099999999995 0.00000000099999999995 0.00000000099999999995 0.00000000099999999995 0.55679649248971474496 0.44320350351028531266
22 22 (0) 5 : 0.26817768267615582634 0.01171975487718748647 0.00000000099999999999 0.44829947777957834809 0.27180308243883499753 0.00000000122824321962
23 23 (0) 5 : 0.00000000099999999993 0.00000000099999999993 0.00000000099999999993 0.00000000099999999993 0.60814346634425486826 0.39185652965574502282
24 24 (0) 5 : 0.27142388207980661097 0.00000000099999999996 0.00000000099999999996 0.38681303374164854869 0.34176308117854481416 0.00000000099999999996
25 25 (0) 5 : 0.00000000099999999999 0.00000000099999999999 0.00000000099999999999 0.13095461091506691020 0.45353702097686865446 0.41550836510806454793
26 26 (0) 5 : 0.00000000099999999996 0.00000000099999999996 0.00000000099999999996 0.18907930469197586909 0.81092069130802402199 0.00000000099999999996
27 27 (0) 5 : 0.00000000099999999999 0.00000000099999999999 0.20242788210875584110 0.66124669887241838140 0.13632541601882580684 0.00000000099999999999
28 28 (0) 5 : 0.22392594531720977358 0.00000000099999999998 0.00000000099999999998 0.67568060734740542639 0.10039337984832472084 0.00000006548706004977
29 29 (0) 5 : 0.05176678716400915509 0.00000000099999999998 0.00000000099999999998 0.26276767369957360065 0.54791484320865646573 0.13755069392776081427
30 30 (0) 5 : 0.00000000099999999999 0.00000000099999999999 0.00000000099999999999 0.56537466129632474310 0.00000000099999999999 0.43462533470367537003
31 31 (0) 5 : 0.00000000099999999999 0.00000000099999999999 0.00000000099999999999 0.43615561995792367922 0.15864171254694192648 0.40520266449513431262
32 32 (0) 5 : 0.09328823950644460350 0.00000000100000000000 0.20762900700650069319 0.51444683996924456260 0.15264016459424509242 0.03199574792356511127
33 33 (0) 5 : 0.00000000099999999998 0.00000000099999999998 0.00000000099999999998 0.43374772688453905323 0.56625226911546089337 0.00000000099999999998
34 34 (0) 5 : 0.00000000099999999998 0.00000000099999999998 0.00000000099999999998 0.56827550883149613448 0.34034254321206819371 0.09138194495643572890
35 35 (0) 5 : 0.05702545853977446927 0.02560341884002206164 0.00000000099999999999 0.08378731039299448791 0.67183477524601986630 0.16174903598118914316
36 36 (0) 5 : 0.00000000099999999999 0.11284921540937946360 0.00000000099999999999 0.34236078751115345264 0.51262168670327412645 0.03216830837619296529
37 37 (0) 5 : 0.00000000099999999998 0.00000000099999999998 0.00037824930265887885 0.60865522394237503434 0.39096652367764633818 0.00000000107731974235
38 38 (0) 5 : 0.00000000099999999998 0.00000000099999999998 0.00000000099999999998 0.00000000099999999998 0.53929929299961232303 0.46070070300038779010
39 39 (0) 5 : 0.18289669001618630295 0.00000000099999999998 0.15529463142045596413 0.56377809986482008142 0.09803057669853763867 0.00000000099999999998
40 40 (0) 5 : 0.13139646903957991064 0.06697902376739650609 0.00000000099999999999 0.11888371381490973888 0.38163091729532477858 0.30110987508278913571
41 41 (0) 4 : 0.00000000099999999998 0.00000000099999999998 0.09128506688839736760 0.00000000099999999998 0.90871492911160256511 0.00000000099999999998
42 42 (0) 4 : 0.25204629754144541876 0.00000000099999999999 0.00000000099999999999 0.55789867445209617713 0.16389270198075536755 0.02616232402570294741
43 43 (0) 4 : 0.21657550878778888959 0.00000000099999999997 0.00000000099999999997 0.33151059436083046839 0.06734424910946801290 0.38456964574191260242
44 44 (0) 4 : 0.03962449434136885995 0.03379728617675138713 0.19169815189435737701 0.52197835806063963560 0.21290170852688264369 0.00000000099999999999
45 45 (0) 5 : 0.06416818245141453492 0.10233165649507491857 0.00000000100000000000 0.41135933792962842137 0.19108009544261594925 0.23106072668126637071
46 46 (0) 4 : 0.27581052256175991877 0.00000000099999999994 0.00000000099999999994 0.00000000099999999994 0.25491356578577800684 0.46927590865246204821
47 47 (0) 4 : 0.16014176438340640973 0.22484761285745252790 0.00000000099999999998 0.45626115948036050085 0.15874946127878056257 0.00000000099999999998
48 48 (0) 4 : 0.01165671485019030215 0.14450088864342580663 0.00561875979943169540 0.37763133084397970674 0.46059230486297231266 0.00000000100000000000
49 49 (0) 4 : 0.00000000100000000000 0.04892683956681734281 0.00004436141932722413 0.34674331910426914316 0.59695538588794827550 0.00733009302163795378
50 50 (0) 5 : 0.00000000099999999999 0.16372546644867544408 0.00000000099999999999 0.45621948167719816869 0.27303786463645507432 0.10701718523767138336
51 51 (0) 4 : 0.15244689392911944803 0.00000000099999999998 0.00000000099999999998 0.77736627824738779857 0.00000000099999999998 0.07018682482349282437
52 52 (0) 5 : 0.22584939759003236359 0.04050394095603529476 0.00000000099999999999 0.44420771344542986370 0.13497313276612207811 0.15446581424238051139
53 53 (0) 6 : 0.00000000099999999998 0.94073537150167285681 0.00000000099999999998 0.02487140509384878212 0.03439322040447832102 0.00000000099999999998
54 54 (0) 6 : 0.15614875199168057329 0.11445377510670814991 0.00000000100000000000 0.38202403807785723089 0.11075307122275585003 0.23662036260099816865
55 55 (0) 6 : 0.00000000099999999991 0.43444371732698594535 0.00000000099999999991 0.00000000099999999991 0.56555627867301405676 0.00000000099999999991
56 56 (0) 6 : 0.00000000099999999994 0.63911511039161028602 0.00000000099999999994 0.00000000099999999994 0.00000000099999999994 0.36088488560838988262
57 57 (0) 6 : 0.00000000099999999997 0.37996406706939162001 0.00000000099999999997 0.28610054214398611405 0.00000000099999999997 0.33393538778662235078
58 58 (0) 6 : 0.07186266392847370787 0.12153135361232222933 0.00000000099999999998 0.48198157326197949013 0.00000000099999999998 0.32462440719722468474
59 59 (0) 6 : 0.00000000099999999997 0.11391007166505162651 0.00000000099999999997 0.00000000099999999997 0.10843070839832275043 0.77765921693662554137
60 60 (0) 6 : 0.00000000099999999999 0.26565985936844960236 0.00000000099999999999 0.28695532442850102406 0.07310169693072271491 0.37428311727232660422
61 61 (0) 7 : 0.00000000099999999998 0.11277169618860342915 0.03620633722903957019 0.60361896554389360414 0.24740299903846332819 0.00000000099999999998
62 62 (0) 7 : 0.22483340031019510841 0.00000746836291706878 0.00000000099999999997 0.77515912832688782519 0.00000000099999999997 0.00000000099999999997
63 63 (0) 7 : 0.11781224825594691086 0.12244705301551250809 0.00000000099999999999 0.50518095276283847550 0.19988447750245508239 0.05467526746324703757
64 64 (0) 7 : 0.05817432720890462067 0.27849205691175860089 0.00240707698647544795 0.42653565063993054141 0.23439088725293077964 0.00000000099999999998
65 65 (0) 7 : 0.05241587215775569270 0.13603419786937609448 0.01472369744259311580 0.11368552326458515600 0.68314070826568995543 0.00000000099999999999
66 66 (0) 7 : 0.03254841005613518662 0.37552473940002395469 0.00000000099999999999 0.10370061042367197113 0.44450400190222222330 0.04372223721794668561
67 67 (0) 7 : 0.35566892511692388412 0.11617498695078921911 0.00000000099999999997 0.34662157387428160771 0.18153451205800533175 0.00000000099999999997
68 68 (0) 7 : 0.14945220805882158954 0.00000000099999999996 0.12864909806872212861 0.72189869087245617241 0.00000000099999999996 0.00000000099999999996
69 69 (0) 7 : 0.10111138954092312170 0.21989691471823138991 0.00000000099999999999 0.38829080624330702953 0.27024856231971600140 0.02045232617782247533
70 70 (0) 7 : 0.00000000099999999998 0.22790573497859403784 0.00000000099999999998 0.01149463303324660922 0.76059962898815924870 0.00000000099999999998
71 71 (0) 7 : 0.10044896068806308254 0.12234783367818019562 0.19904392001431348014 0.45612646413715890459 0.12183804594134704791 0.00019477554093727528
72 72 (0) 7 : 0.00000000099999999998 0.08514475023670743659 0.10680298593584450217 0.55564509612370160951 0.25240716570374627237 0.00000000099999999998
73 73 (0) 7 : 0.01856915829876051166 0.19122023069596222333 0.00000000099999999999 0.12174874349577641253 0.66846186550950081884 0.00000000099999999999
74 74 (0) 7 : 0.00000000099999999999 0.12908643828648211360 0.00000000099999999999 0.23790658125690417046 0.13696928462231933166 0.49603769383429441309
75 75 (0) 7 : 0.00000000099999999998 0.00000000099999999998 0.00000009900619252919 0.65796290783614441722 0.34203699015766292346 0.00000000099999999998
76 76 (0) 7 : 0.14582885344463145105 0.01784360963115724438 0.00000000099999999999 0.62795535303444816044 0.00000000099999999999 0.20837218188976328048
77 77 (0) 7 : 0.18790652904189134031 0.10737766353864533486 0.00000000099999999999 0.52291015453700573357 0.18180565088245764782 0.00000000099999999999
78 78 (0) 7 : 0.00000000099999999998 0.17520584528689689408 0.00000000099999999998 0.31892640365925617463 0.50586774805384682185 0.00000000099999999998
79 79 (0) 7 : 0.00000000099999999999 0.07622905334426455237 0.00000000099999999999 0.53607135921861148731 0.17666010908252760547 0.21103947635459627263
80 80 (0) 7 : 0.00000000099999999994 0.30848301776201808577 0.00000000099999999994 0.07342727344171159909 0.61808970579627020570 0.00000000099999999994
81 81 (0) 7 : 0.00000000099999999999 0.26491149513494949286 0.00000000099999999999 0.12252638649003856630 0.45611035492824036908 0.15645176144677166996
82 82 (0) 7 : 0.18000930433443740331 0.11395166365997563829 0.00000000099999999996 0.06380419135267655084 0.64223483865291031147 0.00000000099999999996
83 83 (0) 7 : 0.10633000085054769568 0.14726219679685847996 0.00000000099999999996 0.00000000099999999996 0.74640779935259371491 0.00000000099999999996
84 84 (0) 7 : 0.00000000099999999999 0.20720070931022993577 0.00000000099999999999 0.00000000099999999999 0.79279928668977006634 0.00000000099999999999
85 85 (0) 6 : 0.18316575033062712508 0.37168532230850803710 0.04731365559843143942 0.39783526976243338558 0.00000000099999999998 0.00000000099999999998
86 86 (0) 6 : 0.09964929815709322458 0.38071214938183972620 0.00007354970476506064 0.30636875534055629799 0.09405184264317736909 0.11914440477256822704
87 87 (0) 6 : 0.00000000099999999998 0.22553066276560804204 0.00000000099999999998 0.35317876243644141798 0.00000000099999999998 0.42129057179795048604
88 88 (0) 6 : 0.00000000099999999997 0.41679034679494936233 0.11272083473878823090 0.47048881546626253325 0.00000000099999999997 0.00000000099999999997
89 89 (0) 6 : 0.00000000099999999997 0.43692647672038587014 0.00000000099999999997 0.00000000099999999997 0.00000000099999999997 0.56307351927961390992
90 90 (0) 6 : 0.00000000100000000000 0.41398009919703798731 0.07127908177769029519 0.27842065537131582831 0.12871682028549497057 0.10760334236846094691
91 91 (0) 6 : 0.03927687641267951779 0.35267916286375899926 0.07199659730986392170 0.28620884867192175616 0.00000000099999999998 0.24983851374177568072
92 92 (0) 6 : 0.00000000099999999998 0.56274962637396475085 0.00000000099999999998 0.12220031925074116563 0.00000000099999999998 0.31505005137529418224
93 93 (0) 7 : 0.06916210356845604867 0.18576464389880301131 0.00000000099999999999 0.37062119566589019071 0.12073140360118650438 0.25372065226566431484
94 94 (0) 7 : 0.00000000099999999988 0.51990666963652598653 0.00000000099999999988 0.00000000099999999988 0.48009332636347401557 0.00000000099999999988
95 95 (0) 6 : 0.16190681677790258464 0.67863184575018931088 0.00000000099999999999 0.15939201826851290278 0.00006931720339518812 0.00000000099999999999
96 96 (0) 6 : 0.00000000099999999993 0.99999999500000014141 0.00000000099999999993 0.00000000099999999993 0.00000000099999999993 0.00000000099999999993
97 97 (0) 6 : 0.08555594878799560599 0.66095377941826838342 0.00000000099999999998 0.00000000099999999998 0.25349026879373609544 0.00000000099999999998
98 98 (0) 6 : 0.25788366803040874142 0.54715713278663158370 0.00000000099999999999 0.07700799946880458602 0.11795104860761053411 0.00000015010654444568
99 99 (0) 6 : 0.20087874961492857562 0.42429409438011916889 0.00000000099999999997 0.00000000099999999997 0.00000000099999999997 0.37482715300495217381
100 100 (0) 6 : 0.00000000099999999997 0.56353148364512872792 0.03051667784001895617 0.16477625469568699113 0.00000000099999999997 0.24117558181916542992
101 101 (0) 6 : 0.21509568534038445153 0.75029025744371136142 0.00000000099999999996 0.03461405421590404985 0.00000000099999999996 0.00000000099999999996
102 102 (0) 6 : 0.20285551974199508840 0.59750481008046074649 0.00000000099999999994 0.19963966717754430547 0.00000000099999999994 0.00000000099999999994
103 103 (0) 8 : 0.00000000099999999997 0.20650469193660433986 0.00000000099999999997 0.12975460001058475301 0.33390016397359967293 0.32984054207921115198
104 104 (0) 8 : 0.00000000099999999998 0.00000000099999999998 0.00000000099999999998 0.47902325693111913463 0.11320962356037228558 0.40776711650850849811
105 105 (0) 8 : 0.00000000099999999997 0.02257389484895240897 0.00000000099999999997 0.00000000099999999997 0.32199135890976088303 0.65543474324128669917
106 106 (0) 8 : 0.00000000099999999998 0.00000000099999999998 0.15217881392025428555 0.62690750788027116425 0.19428911980477453492 0.02662455639469994348
107 107 (0) 8 : 0.00000000099999999997 0.00000000099999999997 0.12902917020227527845 0.47137437582835506333 0.39959645096936968756 0.00000000099999999997
108 108 (0) 8 : 0.00969686684406024200 0.00000000099999999994 0.00000000099999999994 0.00000000099999999994 0.50109451461430998265 0.48920861554162980989
109 109 (0) 8 : 0.00000000099999999999 0.00000000099999999999 0.00000000099999999999 0.26683123287167836990 0.20056491268673917738 0.53260385144158239878
110 110 (0) 8 : 0.00000000099999999997 0.00000000099999999997 0.00000000099999999997 0.14465173336045444863 0.17932709485780037872 0.67602116878174511871
111 111 (0) 8 : 0.00684759256591457085 0.05369294170400888688 0.11555817579052946042 0.34994466388631340070 0.33758823369724882957 0.13636839235598491316
112 112 (0) 8 : 0.11894593428861993667 0.00000000099999999998 0.00000000099999999998 0.52367244907483934124 0.10369730834366516770 0.25368430629287569422
113 113 (0) 8 : 0.00000000099999999998 0.00000000099999999998 0.15032495972719747690 0.32477144528664175782 0.17446536006477883496 0.35043823292138193137
114 114 (0) 8 : 0.31110569495876189139 0.00000000099999999998 0.00000000099999999998 0.47914981313743520985 0.20971233694910915157 0.00003215295469374629
115 115 (0) 8 : 0.00000000099999999993 0.28249003090913954450 0.00000000099999999993 0.00000000099999999993 0.71750996509086018005 0.00000000099999999993
116 116 (0) 8 : 0.00000000099999999994 0.00000000099999999994 0.00000000099999999994 0.15237165286569762102 0.00000000099999999994 0.84762834313430246436
117 117 (0) 8 : 0.00000000100000000000 0.06651467595486174056 0.23574542117983376954 0.29539313222415242155 0.40109351231195183862 0.00125325732920034756
118 118 (0) 8 : 0.08744075376122523169 0.04246798211128742506 0.16439971299868880172 0.53979812863833342984 0.15527170016302771494 0.01062172232743738808
119 119 (0) 8 : 0.04500268928104691341 0.00000000099999999999 0.24526068941763301545 0.63210146035625580652 0.07763515894506416160 0.00000000099999999999
120 120 (0) 8 : 0.00000000099999999997 0.08312178078411638915 0.21642250812173255414 0.56232347459034315307 0.13813223450380804347 0.00000000099999999997
121 121 (0) 8 : 0.00000000099999999997 0.00000000099999999997 0.11002138432296343362 0.40390519127202334504 0.13004285759809650069 0.35603056480691658292
122 122 (0) 8 : 0.00005351111216355992 0.01040146093364419273 0.00000000100000000000 0.00000000100000000000 0.52675408602412754355 0.46279093993006470420
123 123 (0) 8 : 0.06393477902875926988 0.18659812508714987422 0.13015522078806995854 0.48099700655359689527 0.08143527100983295741 0.05687959753259098916
124 124 (0) 8 : 0.00000000099999999996 0.24726000266292363916 0.18905584330741689869 0.00000000099999999996 0.56368415102965940822 0.00000000099999999996
125 125 (0) 8 : 0.30838536808766919828 0.00000000099999999999 0.10743686809467158094 0.49096134544614494777 0.07171723799135874822 0.02149917938015554961
126 126 (0) 3 : 0.00000000100000000000 0.00000000100000000000 0.00000053227850596232 0.10816958923859740227 0.41241390596303972860 0.47941597051985684885
127 127 (0) 3 : 0.04593179450011513482 0.00000000099999999997 0.00000000099999999997 0.12700680097429695170 0.00000000099999999997 0.82706140152558793588
128 128 (0) 3 : 0.00000000099999999998 0.00000000099999999998 0.14057675071915920473 0.58250561240610843061 0.21149974386464376330 0.06541789101008861629
129 129 (0) 3 : 0.00000000190961854476 0.00000000099999999999 0.18320703674415400597 0.25903284468792975304 0.19015312636503378663 0.36760698929326385276
130 130 (0) 3 : 0.00000000099999999998 0.00000000099999999998 0.00000000099999999998 0.11202198495120958832 0.23518368391738225798 0.65279432813140803038
131 131 (0) 3 : 0.00000000099999999997 0.00000000099999999997 0.27994003588557780926 0.37226029071391719683 0.34779967040050496774 0.00000000099999999997
132 132 (0) 3 : 0.00000000099999999997 0.00000000099999999997 0.09379952766150373433 0.41379576633257891816 0.31789117383274839712 0.17451353017316906246
133 133 (0) 3 : 0.00000000099999999999 0.00000000099999999999 0.09395616972730318206 0.21220621960753516255 0.41080750316700492819 0.28303010549815660335
134 134 (0) 3 : 0.00000000099999999999 0.08900123813043651910 0.09304011988437649316 0.30421266673450425566 0.45811879552029877161 0.05562717873038392630
135 135 (0) 3 : 0.01402219490810933770 0.12254854009017421279 0.02733265832565600836 0.23061391234930619931 0.60548269332675419552 0.00000000100000000000
136 136 (0) 3 : 0.00000000099999999999 0.04451952260192268418 0.10337568656157712643 0.45024362011176355391 0.34343251822751913460 0.05842865149721751528
137 137 (0) 3 : 0.00000000099999999998 0.06522886954761449030 0.03661739490380563899 0.48977575668823714050 0.27004174840485412057 0.13833622945548856853
138 138 (0) 3 : 0.00000000099999999999 0.05939110764786973556 0.09181648764259357776 0.61843307069035435841 0.23035929980152644592 0.00000003321765603340
139 139 (0) 3 : 0.04114536858282387410 0.00000000100000000000 0.22397415000190143419 0.34388018969823247462 0.17888839451298968464 0.21211189620405249134
140 140 (0) 3 : 0.00000000099999999998 0.04117648642370214801 0.00000000099999999998 0.07386486615486845264 0.22660156684571186592 0.65835707857571768020
141 141 (0) 3 : 0.00000000099999999998 0.00000000099999999998 0.33673563822388474787 0.32527760954656975700 0.32505276842345354193 0.01293398180609188312
142 142 (0) 3 : 0.03567642565310405467 0.00000000099999999998 0.07780722053091483625 0.32763339888082343432 0.31076081087549384252 0.24812214305966398542
143 143 (0) 3 : 0.00000000099999999996 0.00000000099999999996 0.17553342658811232901 0.54295574483810915556 0.28151082557377843374 0.00000000099999999996
144 144 (0) 3 : 0.00000000099999999995 0.00000000099999999995 0.00000000099999999995 0.00000000099999999995 0.23549905089847841810 0.76450094510152155625
145 145 (0) 3 : 0.16696216930809476553 0.00000000099999999998 0.07030654528541667447 0.35106732451401539974 0.31232398753776907663 0.09933997235470398701
146 146 (0) 3 : 0.00000000099999999999 0.00000000099999999999 0.31207129905225494682 0.37103267704506942559 0.09672700226285435576 0.22016901963982127288
147 147 (0) 3 : 0.00000000099999999998 0.00000000099999999998 0.11775811601393706973 0.48917304116364335176 0.38059520628056631164 0.01247363454185330435
148 148 (0) 3 : 0.09595584672201852572 0.00000000099999999999 0.16115595107969218902 0.41872175046530157871 0.32416644973298752719 0.00000000099999999999
149 149 (0) 3 : 0.00000000099999999997 0.00000000099999999997 0.21202235972320407353 0.64758855591853203837 0.14038908135826386192 0.00000000099999999997
150 150 (0) 3 : 0.20308848068001192355 0.00000000099999999998 0.12638427743947525106 0.35487852496925287316 0.31564871491125978675 0.00000000099999999998
151 151 (0) 3 : 0.00000000099999999999 0.00000000099999999999 0.18122461438608866713 0.56466317722392200817 0.25411220538998907648 0.00000000099999999999
152 152 (0) 3 : 0.00000000099999999999 0.04924715491799371708 0.04997662287393372232 0.07888373799264393471 0.36867705630838870645 0.45321542690703986445
153 153 (0) 8 : 0.21909752192503501034 0.00000000099999999996 0.00000000099999999996 0.17937322908200559191 0.26398429377796106543 0.33754495321499833338
154 154 (0) 8 : 0.00000000099999999994 0.32182694480255891190 0.00000000099999999994 0.00000000099999999994 0.67817305119744097919 0.00000000099999999994
155 155 (0) 8 : 0.00000000099999999999 0.00000000099999999999 0.13012603815778558958 0.45252534157886198374 0.11510715489644203491 0.30224146336691043446
156 156 (0) 8 : 0.16284098315773165577 0.21584200353958196694 0.18206737632497860258 0.27317880062437877031 0.16607083535332894941 0.00000000099999999999
157 157 (0) 8 : 0.08715308214244327223 0.05123387271560964074 0.00000000100000000000 0.34672260378993863261 0.15098278556065886091 0.36390765479134956628
158 158 (0) 8 : 0.00000000100000000000 0.07862844773632056417 0.00000000100000000000 0.22448774139089508473 0.32364505640185453617 0.37323875247092996865
159 159 (0) 8 : 0.12066646161492464162 0.08578723126860594850 0.00000000100000000000 0.28509448778151691428 0.27858796005905711590 0.22986385827589542186
160 160 (0) 1 : 0.00000000099999999998 0.31509966351138629648 0.41880452261057016239 0.26609581087804362598 0.00000000099999999998 0.00000000099999999998
161 161 (0) 1 : 0.14776638828256360991 0.20252452227204606472 0.20075407346219270588 0.12878246295068374039 0.00000000099999999998 0.32017255203251382412
162 162 (0) 1 : 0.02001239053588864392 0.19033602780124014853 0.63632094394650096092 0.15333063571637023381 0.00000000099999999999 0.00000000099999999999
163 163 (0) 1 : 0.00000000099999999996 0.42165536777296486193 0.17512639985610917170 0.00000000099999999996 0.00000000099999999996 0.40321822937092599570
164 164 (0) 1 : 0.00000000099999999998 0.16869788143882724629 0.62706219366105109270 0.15961645852168215853 0.00000000099999999998 0.04462346437843951047
165 165 (0) 1 : 0.00000000099999999999 0.23617843135057037252 0.10827448840140337094 0.30522085581740182603 0.09162430276246284755 0.25870192066816155574
166 166 (0) 1 : 0.00000000099999999998 0.33755318454451538335 0.46247667738470493726 0.17314571018295057958 0.00000000099999999998 0.02682442588782917026
167 167 (0) 1 : 0.00000000099999999997 0.04196353640697635112 0.46858564723038959032 0.39205103788675071952 0.00000000099999999997 0.09739977647588346499
168 168 (0) 2 : 0.16477913759403856053 0.03183465313582977546 0.12888080534134316313 0.00000000099999999998 0.00000000099999999998 0.67450540192878849499
169 169 (0) 2 : 0.00000000099999999999 0.07310705161848951583 0.29580205036530382579 0.53447400906361797190 0.09661688695258864590 0.00000000099999999999
170 170 (0) 2 : 0.00000000099999999999 0.07757737342535210578 0.37834033153455393084 0.39815783904891433043 0.07197410348137661673 0.07395035150980311389
171 171 (0) 2 : 0.23233920899916682412 0.00000000099999999998 0.00000000099999999998 0.00000000099999999998 0.19055226667752278580 0.57710852132331025288
172 172 (0) 2 : 0.00000000099999999999 0.00000000099999999999 0.35692343680772475878 0.49477390999719861320 0.00000000099999999999 0.14830265019507665736
173 173 (0) 2 : 0.00000000099999999996 0.00000000099999999996 0.00000000099999999996 0.00000000099999999996 0.12710415462999932745 0.87289584137000064690
174 174 (0) 2 : 0.00281621361630521446 0.35896874347310958608 0.36188137905435019404 0.05258674899274869835 0.00000000100000000000 0.22374691386348635747
175 175 (0) 2 : 0.73163476913924663236 0.00000000099999999999 0.08662058962434707188 0.11916736445157097291 0.00000000099999999999 0.06257727478483535166
176 176 (0) 1 : 0.00000000100000000000 0.10184373011469355363 0.26059996658508555178 0.11465400216856849736 0.05115210568646205713 0.47175019444519039613
177 177 (0) 1 : 0.14610682069852298781 0.51112802533132140059 0.26990176565062634628 0.07286338631952940514 0.00000000099999999999 0.00000000099999999999
178 178 (0) 1 : 0.00000000099999999997 0.37990331847437691648 0.03399944040672438217 0.00000000099999999997 0.08657237967542248669 0.49952485944347607694
179 179 (0) 1 : 0.00000000099999999997 0.62020765780889430818 0.18387159133659583543 0.00000000099999999997 0.00000000099999999997 0.19592074785450994123
180 180 (0) 1 : 0.01202062655537562870 0.48855292850682635608 0.00000000099999999997 0.00000000099999999997 0.00000000099999999997 0.49942644193779806017
181 181 (0) 1 : 0.00000000099999999995 0.85681836846618553150 0.14318162753381452612 0.00000000099999999995 0.00000000099999999995 0.00000000099999999995
182 182 (0) 2 : 0.20466577014021611336 0.25098893900977248261 0.00000000099999999998 0.03270634824887495851 0.00000000099999999998 0.51163894060113646045
183 183 (0) 2 : 0.00000000100000000000 0.14154210438838260577 0.40936982740226346422 0.44347428100158231556 0.00456677421056493876 0.00104701199720669377
184 184 (0) 2 : 0.18144649907204946082 0.00000000099999999996 0.00000000099999999996 0.00000000099999999996 0.00000000099999999996 0.81855349692795043026
185 185 (0) 2 : 0.02716942343021930273 0.00000000099999999997 0.43025063456784495841 0.54257993900193579595 0.00000000099999999997 0.00000000099999999997
186 186 (0) 2 : 0.65619388871426220788 0.00000000099999999993 0.00000000099999999993 0.00000000099999999993 0.00000000099999999993 0.34380610728573796075
187 187 (0) 1 : 0.28801790616250488863 0.10456580439747370503 0.00000000099999999994 0.00000000099999999994 0.00000000099999999994 0.60741628644002132464
188 188 (0) 1 : 0.00000000099999999999 0.38696554174428021700 0.34436552928844721411 0.06786047825900333452 0.20080844870826913828 0.00000000099999999999
189 189 (0) 1 : 0.26094344377945394298 0.40997291435250471370 0.07046568096035144002 0.00000000100000000000 0.07384751564376743072 0.18477044426392247312
190 190 (0) 1 : 0.00000000099999999999 0.59774859477854536127 0.37733813617382677696 0.02491326604762799171 0.00000000099999999999 0.00000000099999999999
191 191 (0) 1 : 0.00000000099999999995 0.20406894211875542533 0.00000000099999999995 0.00000000099999999995 0.00000000099999999995 0.79593105388124463229
192 192 (0) 1 : 0.06540169456933972447 0.58922904728886704717 0.24971826217695758388 0.09565099396483571492 0.00000000099999999997 0.00000000099999999997
193 193 (0) 1 : 0.00000000100000000000 0.59040534971917990603 0.39280087545228575818 0.00000000100620840951 0.00000000100000000000 0.01679377182232593205
194 194 (0) 1 : 0.00000000099999999997 0.43558612986633660213 0.00000000099999999997 0.00000000099999999997 0.05993051081302109423 0.50448335632064222889
195 195 (0) 2 : 0.00000000099999999997 0.21987380589672114728 0.17579824008349298481 0.14541009759839226834 0.00000000099999999997 0.45891785442139371165
196 196 (0) 2 : 0.17025788872059813284 0.08355073742794580371 0.00000000100000000000 0.00337675843841791883 0.14822137456552053614 0.59459323984751744074
197 197 (0) 2 : 0.01675438731383759386 0.31730878310687382626 0.30482024163428561581 0.36111658594500289921 0.00000000099999999999 0.00000000099999999999
198 198 (0) 2 : 0.00000000099999999999 0.22106916348169466935 0.21110940858485205407 0.29782302207939947980 0.12164441532339906327 0.14835398953065476180
199 199 (0) 2 : 0.02402596918031600637 0.15758744266573868065 0.38628104358744730362 0.43210554256649802429 0.00000000099999999998 0.00000000099999999998
200 200 (0) 2 : 0.02346550928737150057 0.00000000099999999998 0.02150761355447895068 0.13780902479712217601 0.00000000099999999998 0.81721785036102745359
201 201 (0) 2 : 0.27886603101936513482 0.05321436646210311178 0.13651054441822946250 0.00000002700860032628 0.02168539791227068123 0.50972363317943125693
202 202 (0) 2 : 0.02134986433036028045 0.15282909430335842038 0.44252822359872090452 0.38329281576756041305 0.00000000099999999999 0.00000000099999999999
203 203 (0) 2 : 0.00548055192718161378 0.10075892322678327295 0.57314395246012506124 0.16335682095367215494 0.00000000099999999998 0.15725975043223786032
204 204 (0) 2 : 0.00824023480808471279 0.00000000099999999998 0.47736658585453167758 0.39021838328402841389 0.00000000099999999998 0.12417479405335521414
205 205 (0) 2 : 0.00000000099999999996 0.17353705590395848701 0.39969374613544916830 0.38402031596984015360 0.00000000099999999996 0.04274887999075217132
206 206 (0) 2 : 0.00000000100000000000 0.04223479539778958458 0.31471376271535511648 0.24442097470716009355 0.24277887210898016490 0.15585159407071497162
207 207 (0) 2 : 0.05280486862025594863 0.00000000099999999999 0.18848209520523484528 0.37650749743343991938 0.00000000099999999999 0.38220553674106921838
208 208 (0) 9 : 0.00000000099999999997 0.00000000099999999997 0.53798645894155261438 0.00000000099999999997 0.00000000099999999997 0.46201353705844744324
209 209 (0) 9 : 0.00000000099999999998 0.08104434074976925306 0.25977169980971748231 0.00000000099999999998 0.11099784208187588042 0.54818611535863726036
210 210 (0) 9 : 0.25731444767561806319 0.00000000099999999999 0.62104387883829259565 0.08431846782737306700 0.03732320365871625439 0.00000000099999999999
211 211 (0) 9 : 0.22820033042122053746 0.15055190528229375757 0.27886619249368505002 0.00000000099999999999 0.04402274380252135105 0.29835882700027938075
212 212 (0) 9 : 0.14990950356401455679 0.00000000099999999998 0.25712643534389861832 0.00000000099999999998 0.09658121250751397491 0.49638284658457271226
213 213 (0) 9 : 0.15677826699655217357 0.00000000099999999999 0.60833535852540554512 0.22152230613442505658 0.01336406634361725874 0.00000000099999999999
214 214 (0) 9 : 0.14577885787248687222 0.00000000099999999999 0.37761812747758705111 0.00000000099999999999 0.03251538756166259120 0.44408762508826338244
215 215 (0) 9 : 0.19170099199108220356 0.00000000099999999997 0.80829900400891785406 0.00000000099999999997 0.00000000099999999997 0.00000000099999999997
216 216 (0) 9 : 0.99999999500000014141 0.00000000099999999986 0.00000000099999999986 0.00000000099999999986 0.00000000099999999986 0.00000000099999999986
217 217 (0) 9 : 0.00000000099999999998 0.02161182618206338238 0.70094895122209865956 0.22760132191988102779 0.04983789867595687928 0.00000000099999999998
218 218 (0) 9 : 0.34177540223592489665 0.00000000099999999997 0.04447268609978209664 0.00000000099999999997 0.31884770686338004264 0.29490420280091300675
219 219 (0) 9 : 0.00644074120446117351 0.00000000099999999997 0.84747184981625678368 0.14608740597928207561 0.00000000099999999997 0.00000000099999999997
220 220 (0) 9 : 0.16161281454992590390 0.00000000099999999997 0.28974764937321417779 0.00000000099999999997 0.00000000099999999997 0.54863953307685975336
221 221 (0) 9 : 0.03867808581081245978 0.00751079580420669669 0.47872675525904606619 0.18824844373718385704 0.00000000100000000000 0.28683591838875088786
222 222 (0) 9 : 0.00000000099999999997 0.05536803149685174535 0.51101727476848857190 0.00000000099999999997 0.00000000099999999997 0.43361469073465958024
223 223 (0) 9 : 0.11674804776668268325 0.00000000099999999997 0.05509199971539674445 0.00000000099999999997 0.02824512852643484492 0.79991482199148578047
224 224 (0) 9 : 0.06317847142490327916 0.00000000099999999998 0.72834948350770989389 0.18233313494371711228 0.02613890812366971919 0.00000000099999999998
225 225 (0) 9 : 0.00000000099999999996 0.00000000099999999996 0.65062160059649587485 0.34937839540350401624 0.00000000099999999996 0.00000000099999999996
226 226 (0) 9 : 0.00000000099999999999 0.14950107590439085103 0.77070140197965442130 0.00000000099999999999 0.07940511834525791623 0.00039240177069681291
227 227 (0) 9 : 0.34298460201363384359 0.05504904795609347201 0.60196634703027274149 0.00000000099999999997 0.00000000099999999997 0.00000000099999999997
228 228 (0) 9 : 0.00060211136340549570 0.00000000099999999998 0.70340091317930386605 0.00000000099999999998 0.00000000099999999998 0.29599697245729078565
229 229 (0) 9 : 0.00000000099999999998 0.00000000099999999998 0.94188418195699197266 0.00000000177571218116 0.05811581326729593766 0.00000000099999999998
230 230 (0) 9 : 0.10454524981157493901 0.07180965395333734069 0.82364509323508783289 0.00000000099999999998 0.00000000099999999998 0.00000000099999999998
231 231 (0) 9 : 0.00000000099999999998 0.16728878247292003345 0.83271121352708010743 0.00000000099999999998 0.00000000099999999998 0.00000000099999999998
232 232 (0) 9 : 0.00000000099999999995 0.00000000099999999995 0.65284297406899327587 0.00000000099999999995 0.00000000099999999995 0.34715702193100683726
233 233 (0) 9 : 0.24837666176141359742 0.13182265321850031303 0.57069830427106116311 0.00000000099999999997 0.00000000099999999997 0.04910237874902506627
234 234 (0) 9 : 0.00000000099999999995 0.00000000099999999995 0.99997188924778857011 0.00000000099999999995 0.00000000099999999995 0.00002810675221138183
235 235 (0) 9 : 0.19868899819847998800 0.00000000099999999997 0.41536896272067147518 0.08624727877216539773 0.00000000099999999997 0.29969475830868314015
236 236 (0) 9 : 0.00000000099999999999 0.12788587158935743604 0.78970023531120614457 0.00000000099999999999 0.07020463062738188653 0.01220926047205464667
237 237 (0) 10 : 0.20594882907972444919 0.22867694939649033103 0.30905433865261477955 0.09023739361948387994 0.11990750081762795165 0.04617498843405867803
238 238 (0) 10 : 0.13381653264443460483 0.14983443173118732306 0.67304882841076785205 0.00002503893370558578 0.00000000099999999999 0.04327516727990474849
239 239 (0) 10 : 0.00000000099999999998 0.00000000099999999998 0.80287232151060539120 0.19712767448939463866 0.00000000099999999998 0.00000000099999999998
240 240 (0) 10 : 0.00000000099999999997 0.00000000099999999997 0.24775062993621624341 0.00000000099999999997 0.00000000099999999997 0.75224936606378378645
241 241 (0) 10 : 0.04625436680223106445 0.06230741080936313264 0.26463148047372636595 0.00000000099999999998 0.00000000099999999998 0.62680673991467938944
242 242 (0) 10 : 0.09465868105108650454 0.01937744930759572465 0.61729604025504913878 0.23991854885891403248 0.02874927952735456885 0.00000000100000000000
243 243 (0) 10 : 0.02850684156634854596 0.00000002727139771058 0.97149312816225386058 0.00000000099999999999 0.00000000099999999999 0.00000000099999999999
244 244 (0) 10 : 0.31209261280519307036 0.29350479619497399364 0.00000000099999999996 0.00000000099999999996 0.00000000099999999996 0.39440258799983313187
245 245 (0) 10 : 0.35277203816444807627 0.11987507390282772790 0.39882777312755202104 0.00000000099999999998 0.00000000099999999998 0.12852511280517209258
246 246 (0) 10 : 0.49594057659293827589 0.19243195381356997808 0.00000000352767736550 0.00000000099999999998 0.31162746406581443015 0.00000000099999999998
247 247 (0) 10 : 0.05343203230719716784 0.13547097621620979302 0.78025232380892550754 0.00000000099999999999 0.03084464796347142698 0.00000001870419625041
248 248 (0) 10 : 0.08166085956891847020 0.03589181785699922800 0.49483533807154661543 0.00000000299227555447 0.38761198051026013456 0.00000000100000000000
249 249 (0) 10 : 0.02861957345258350424 0.32342790748584693272 0.52136699062477120936 0.10201614372942373332 0.02456938370737452720 0.00000000100000000000
250 250 (0) 10 : 0.02165767713651544496 0.30841036189259074529 0.13921371264648299548 0.21465050193167650727 0.11594467424361498686 0.20012307214911920217
251 251 (0) 10 : 0.28333399164923772640 0.71666600435076244224 0.00000000099999999996 0.00000000099999999996 0.00000000099999999996 0.00000000099999999996
252 252 (0) 10 : 0.13962369037303487551 0.00000688018945249962 0.51762165828931772094 0.00000000100000000000 0.17140053593759571604 0.17134723421059913639
253 253 (0) 10 : 0.38038988348249763716 0.00960040387285434997 0.61000970935368459269 0.00000000129096340033 0.00000000099999999999 0.00000000099999999999
254 254 (0) 10 : 0.00785316980644670468 0.12905475981889799608 0.48626157414567056092 0.00000000099999999998 0.00000000099999999998 0.37683049422898484693
255 255 (0) 10 : 0.37150232128232507645 0.44809083826023810015 0.00000000099999999998 0.00000000099999999998 0.18040683745743665845 0.00000000099999999998
256 256 (0) 10 : 0.42918977023296689399 0.46896046430439713992 0.00001959275455996918 0.10183017070807595661 0.00000000099999999999 0.00000000099999999999
257 257 (0) 10 : 0.00000000099999999998 0.18845854001804449029 0.00000008576804613096 0.00000000099999999998 0.09455787124186237902 0.71698350097204710529
258 258 (0) 10 : 0.40966427970928487312 0.34008290117369660566 0.25025281611701838402 0.00000000099999999999 0.00000000099999999999 0.00000000099999999999
259 259 (0) 10 : 0.15114793967632392246 0.19144069289969473102 0.07610455515258644776 0.00000000100000000000 0.07157033586882828591 0.50973647540256650235
260 260 (0) 10 : 0.24324905679588421092 0.00000000099999999999 0.75675091219433610057 0.00000002800977986200 0.00000000099999999999 0.00000000099999999999
261 261 (0) 10 : 0.29588828493489527371 0.04521528721698698378 0.00000000099999999997 0.00000000099999999997 0.00000000099999999997 0.65889642484811783429
262 262 (0) 10 : 0.34204362993004477911 0.20791116875361395633 0.21699701445098196206 0.23304818486535916477 0.00000000099999999998 0.00000000099999999998
263 263 (0) 10 : 0.16504399388437762664 0.41735677671768800501 0.22193011043775576208 0.03390577258316364306 0.16176334537701489436 0.00000000099999999999
264 264 (0) 11 : 0.47458926995681716132 0.00000000099999999993 0.00000000099999999993 0.00000000099999999993 0.52541072604318272976 0.00000000099999999993
265 265 (0) 11 : 0.65867980636929690519 0.00000000099999999997 0.34132018963070315243 0.00000000099999999997 0.00000000099999999997 0.00000000099999999997
266 266 (0) 11 : 0.16953272833639990158 0.00000000099999999992 0.00000000099999999992 0.00000000099999999992 0.83046726766360012828 0.00000000099999999992
267 267 (0) 11 : 0.14765845180364856049 0.00000000099999999998 0.04559928683838568308 0.00000000099999999998 0.41121609180271445627 0.39552616755525127346
268 268 (0) 11 : 0.67122726977198710063 0.00000000099999999994 0.00000000099999999994 0.00000000099999999994 0.32877272622801284596 0.00000000099999999994
269 269 (0) 11 : 0.54370023002641953980 0.00000000099999999990 0.00000000099999999990 0.00000000099999999990 0.45629976597358051782 0.00000000099999999990
270 270 (0) 11 : 0.35573306884350208712 0.00000000099999999997 0.12999578911053896735 0.09337463423966359255 0.42089650580629528465 0.00000000099999999997
271 271 (0) 11 : 0.99999999500000014141 0.00000000099999999993 0.00000000099999999993 0.00000000099999999993 0.00000000099999999993 0.00000000099999999993
272 272 (0) 11 : 0.79876002517160726857 0.00000000099999999990 0.00000000099999999990 0.00000000099999999990 0.20123997082839270578 0.00000000099999999990
273 273 (0) 12 : 0.00000000099999999998 0.00000000099999999998 0.52186346308189934806 0.28065545615240095056 0.00000000099999999998 0.19748107776569970295
274 274 (0) 12 : 0.07212852984517811872 0.00000000099999999999 0.08637310931313661733 0.00000000099999999999 0.00000000099999999999 0.84149835784168536268
275 275 (0) 12 : 0.00000000099999999994 0.00000000099999999994 0.59338257844850561540 0.00000000099999999994 0.00000000099999999994 0.40661741755149455324
276 276 (0) 12 : 0.00000000099999999995 0.00000000099999999995 0.00000000099999999995 0.00000000099999999995 0.00000000099999999995 0.99999999500000003039
277 277 (0) 12 : 0.17750425509330727825 0.12096331021121500826 0.70153243169547774283 0.00000000099999999997 0.00000000099999999997 0.00000000099999999997
278 278 (0) 12 : 0.00000000099999999999 0.00000000099999999999 0.39163833070835152306 0.00001615764896011067 0.03222514667277536632 0.57612036296991298023
279 279 (0) 12 : 0.00000000099999999999 0.00000000099999999999 0.30618695995147282574 0.00000000099999999999 0.00000000099999999999 0.69381303604852717637
280 280 (0) 12 : 0.00000000099999999998 0.00000000099999999998 0.92421003093622899893 0.00000000099999999998 0.07578996506377089215 0.00000000099999999998
281 281 (0) 12 : 0.00800819720982556132 0.08298098864695990784 0.40803593701373419567 0.00000000100000000000 0.04277516324380802731 0.45819971288567229450
282 282 (0) 12 : 0.00000000099999999997 0.32607825172282767223 0.07005621235908751632 0.00000000099999999997 0.60386553291808475752 0.00000000099999999997
283 283 (0) 12 : 0.00000000099999999998 0.00000000099999999998 0.48400834864950459391 0.35166410911883816404 0.00000000099999999998 0.16432753923165721588
284 284 (0) 12 : 0.00000000099999999998 0.00000000099999999998 0.00000000099999999998 0.00000000099999999998 0.21858806834164842825 0.78141192765835165712
285 285 (0) 12 : 0.00000000099999999997 0.00000000099999999997 0.27835119289990123415 0.00000000099999999997 0.00000000099999999997 0.72164880310009871245
286 286 (0) 12 : 0.66687487876025830502 0.00000000099999999996 0.00000000099999999996 0.00000000099999999996 0.00000000099999999996 0.33312511723974186362
287 287 (0) 12 : 0.03453585639409388619 0.03372119439409958230 0.62850894438042270718 0.00045596059963865513 0.00000000100000000000 0.30277804323174511980
288 288 (0) 12 : 0.24395143670786678669 0.00000000099999999995 0.51438968411013497040 0.00000000099999999995 0.00000000099999999995 0.24165887618199824449
289 289 (0) 12 : 0.00000000099999999998 0.00000000099999999998 0.96278349763200232747 0.00000000099999999998 0.00000000099999999998 0.03721649836799766076
290 290 (0) 12 : 0.44431130847192740196 0.17269578427348900029 0.22205365845390659385 0.00000000099999999999 0.08073472537379959568 0.08020452242687750588
291 291 (0) 12 : 0.13163675408368763486 0.00000000099999999999 0.52201368026481576035 0.24160783677323646734 0.06837342202238558264 0.03636830585587452758
292 292 (0) 12 : 0.09106939072664672896 0.00000000099999999997 0.69055871337500840390 0.21837189289834488259 0.00000000099999999997 0.00000000099999999997
293 293 (0) 12 : 0.07055157669413807120 0.00000000099999999994 0.55703535063196407684 0.00000000099999999994 0.00000000099999999994 0.37241306967389797844
294 294 (0) 12 : 0.04620452249273950679 0.08032874501544216839 0.50151105637600967846 0.00000000099999999998 0.00000000099999999998 0.37195567411580859885
295 295 (0) 12 : 0.03845314776854244498 0.00000003848981879663 0.50397524146289884861 0.00630576690912667236 0.00000000099999999999 0.45126580436961316600
296 296 (0) 12 : 0.35552776647382550168 0.00000000099999999997 0.42552303844075778372 0.21894919208541663291 0.00000000099999999997 0.00000000099999999997
297 297 (0) 12 : 0.00000000099999999998 0.00000000099999999998 0.35769402661036620028 0.00000000099999999998 0.00000000099999999998 0.64230596938963357978
298 298 (0) 12 : 0.08026432006380701534 0.15106774382140120139 0.00000000099999999999 0.00000000099999999999 0.00000000099999999999 0.76866793311479175710
299 299 (0) 12 : 0.00000000099999999999 0.18254846233903374020 0.44407355085511657222 0.00000000099999999999 0.16473235739844616088 0.20864562740740366653
300 300 (0) 12 : 0.00000000099999999995 0.00000000099999999995 0.04940704547828084908 0.00000000099999999995 0.00000000099999999995 0.95059295052171921547
1 1 (0) 1 : 0.55330638947240284864 0.00000000099999999996 0.00000000099999999996 0.44669360652759715347 0.00000000099999999996 0.00000000099999999996
2 2 (0) 1 : 0.31670758029356482766 0.00792509490662975623 0.18547041546091283526 0.03296429547146035449 0.05792354288167701759 0.39900907098575505438
3 3 (0) 1 : 0.42954172179019117772 0.18868969406464483618 0.00000000099999999997 0.22530518113626751830 0.00000000099999999997 0.15646340100889655211
4 4 (0) 1 : 0.67893231486724747725 0.00000000099999999996 0.00000000099999999996 0.00000000099999999996 0.20732199800234085707 0.11374568413041177828
5 5 (0) 1 : 0.20591392052127430179 0.00000000099999999999 0.15817715827647413351 0.34406428170253577914 0.04837173561171772412 0.24347290288799811053
6 6 (0) 2 : 0.71091516102480967199 0.28668026388921952208 0.00000000099999999995 0.00000000099999999995 0.00000000099999999995 0.00240457208597090770
7 7 (0) 1 : 0.72082788644041628778 0.00000000099999999997 0.00000000099999999997 0.00000000099999999997 0.00000000099999999997 0.27917210955958371432
8 8 (0) 3 : 0.00000000099999999997 0.07244988248980220591 0.00000000099999999997 0.41939087484004433648 0.50815923967015341756 0.00000000099999999997
9 9 (0) 4 : 0.26896908139019504169 0.13376695418083764388 0.00000000099999999996 0.00000000099999999996 0.59726396142896731600 0.00000000099999999996
10 10 (0) 4 : 0.00000000099999999999 0.22551294890300391249 0.77448704709699611737 0.00000000099999999999 0.00000000099999999999 0.00000000099999999999
11 11 (0) 4 : 0.06303232194030645996 0.09280681651222412454 0.00000000100000000000 0.39756854078010245290 0.44659231876736693589 0.00000000100000000000
12 12 (0) 4 : 0.41375688013513756136 0.00000000099999999998 0.00000000099999999998 0.00000000099999999998 0.58624311586486232972 0.00000000099999999998
13 13 (0) 4 : 0.14058136285806882571 0.00000000099999999998 0.39224025371891868552 0.00000000099999999998 0.36192282694499922080 0.10525555447801336617
14 14 (0) 5 : 0.00000000099999999998 0.13472468130887343962 0.71125444329300124835 0.15402087239812531361 0.00000000099999999998 0.00000000099999999998
15 15 (0) 4 : 0.00000000099999999997 0.15464189491085608696 0.38487037241695298828 0.22075588407535384761 0.23973184659683716147 0.00000000099999999997
16 16 (0) 5 : 0.14886916209684139534 0.00000000100000000000 0.61176578363222633428 0.02021606786782078474 0.21333191534450401949 0.00581707005860768005
17 17 (0) 5 : 0.00000000099999999998 0.13984737113593009861 0.30527384639519977716 0.00000000099999999998 0.40574052064151738817 0.14913825982735276487
18 18 (0) 5 : 0.00000000099999999994 0.32675714793228016752 0.04648565360368782373 0.15570242601436465324 0.47105477044966725941 0.00000000099999999994
19 19 (0) 5 : 0.00000000099999999996 0.00000000530335839452 0.50947843917512491974 0.00000000099999999996 0.49052155252151663500 0.00000000099999999996
20 20 (0) 5 : 0.00000000099999999997 0.00000000099999999997 0.00000529666620430835 0.57887269907737315400 0.42112200125642251791 0.00000000099999999997
21 21 (0) 5 : 0.00000000099999999995 0.00000000099999999995 0.00000000099999999995 0.41192454573756620562 0.58807545026243379649 0.00000000099999999995
22 22 (0) 5 : 0.01115104879116071354 0.20916803963104702024 0.43089608497213716110 0.06390490489125101592 0.28487992071440404462 0.00000000100000000000
23 23 (0) 5 : 0.00000000099999999995 0.00000000099999999995 0.00000000099999999995 0.38428764789457076079 0.61571234810542907478 0.00000000099999999995
24 24 (0) 5 : 0.00000000099999999997 0.19255303111669114235 0.46136409441554293576 0.00000000099999999997 0.34608287146776584020 0.00000000099999999997
25 25 (0) 5 : 0.00000000099999999998 0.00000000099999999998 0.31133642556821850000 0.31835494691248011900 0.37030862451930118828 0.00000000099999999998
26 26 (0) 5 : 0.00000000099999999995 0.00000000099999999995 0.22059081883038311744 0.00000000099999999995 0.77940917716961677364 0.00000000099999999995
27 27 (0) 5 : 0.00000000099999999998 0.00000000099999999998 0.68667583821148914236 0.00000000099999999998 0.09678684727040093305 0.21653731151810978739
28 28 (0) 5 : 0.00000000099999999999 0.12671033095534744994 0.64132347080037965803 0.10659991844563675156 0.11215600570154239668 0.01321027309709376166
29 29 (0) 5 : 0.00000000099999999998 0.04767510863380711172 0.27232114858784578493 0.13408346986837973991 0.54592027090996719796 0.00000000099999999998
30 30 (0) 5 : 0.00000000099999999998 0.00000000099999999998 0.62758738334030139683 0.37241261265969860528 0.00000000099999999998 0.00000000099999999998
31 31 (0) 5 : 0.00000000099999999998 0.00000000099999999998 0.40062933234388975468 0.44717100909121354491 0.15219965556489653546 0.00000000099999999998
32 32 (0) 5 : 0.00000000099999999999 0.09541150291643829551 0.62760604574046774395 0.03414317977236288465 0.07962334119775979491 0.16321592937297133008
33 33 (0) 5 : 0.00000000099999999998 0.00000000099999999998 0.45333872182384205018 0.00000000099999999998 0.54666127417615795192 0.00000000099999999998
34 34 (0) 5 : 0.00000000099999999998 0.00000000099999999998 0.28415029842398598081 0.13410377716063578979 0.44012152751662353412 0.14162439489875483511
35 35 (0) 5 : 0.03164265943779966117 0.04414680785171616606 0.16236609992028061544 0.11687335044675048468 0.64497108134345304542 0.00000000099999999999
36 36 (0) 5 : 0.12891076651263350117 0.00000000099999999999 0.30584970676565825798 0.05743472609061611028 0.49871536349256123666 0.00908943613853106271
37 37 (0) 5 : 0.00000000099999999997 0.00000000099999999997 0.35921717082975002100 0.00000000099999999997 0.42669060023121208047 0.21409222593903798337
38 38 (0) 5 : 0.00000000099999999998 0.00000000099999999998 0.00000016901658045906 0.44388061172090176321 0.55611921626251781259 0.00000000099999999998
39 39 (0) 5 : 0.00000000099999999997 0.10720927923524739556 0.72465742484904271947 0.00000000099999999997 0.00000000099999999997 0.16813329291570999757
40 40 (0) 5 : 0.06176952211635428763 0.10752591617239440347 0.16879246266161554435 0.28485276671633746881 0.37705933133329816442 0.00000000099999999999
41 41 (0) 4 : 0.05169576633432911711 0.00758413771296830887 0.07459822158280755844 0.00000000099999999999 0.86612187236989501837 0.00000000099999999999
42 42 (0) 4 : 0.00000000099999999999 0.18248563834957587382 0.34554788557481141975 0.08641026304220236764 0.20981139279209234938 0.17574481924131790667
43 43 (0) 4 : 0.00000000099999999997 0.14019383826627368483 0.36439406512236427460 0.41879689160862682007 0.07661520300273513828 0.00000000099999999997
44 44 (0) 4 : 0.03436084834152876299 0.01989253761903453030 0.45705903161514460642 0.00000000099999999999 0.20638294080986846479 0.28230464061442378521
45 45 (0) 5 : 0.10017728228757206976 0.04381213328488116343 0.28232595956575956553 0.27924578561104079766 0.22311779119055538678 0.07132104806019091969
46 46 (0) 4 : 0.00000000099999999995 0.25792451885903822095 0.00000000099999999995 0.45230980393433106723 0.28976567420663074115 0.00000000099999999995
47 47 (0) 4 : 0.22257433298486101192 0.07099589863214289531 0.52127163488476691011 0.00000000099999999999 0.18515813149822921146 0.00000000099999999999
48 48 (0) 4 : 0.14278787575085055694 0.00000000100000000000 0.34371045527202764847 0.00000000100000000000 0.45474298328859930063 0.05875868368852243256
49 49 (0) 4 : 0.04657699130854675573 0.00000000100000000000 0.39423886594363322100 0.00000000100000000000 0.55209485723537476964 0.00708928351244511243
50 50 (0) 5 : 0.15805515866228869726 0.00000000099999999999 0.41026689624177226090 0.14354518202037677699 0.25733179636423408887 0.03080096571132811753
51 51 (0) 4 : 0.00000000099999999997 0.00000000099999999997 0.82605823938835398756 0.17394175661164582025 0.00000000099999999997 0.00000000099999999997
52 52 (0) 5 : 0.03997853289299754809 0.17095382231435818365 0.41598152154008138925 0.21908383431744229974 0.15400228793512060754 0.00000000099999999999
53 53 (0) 6 : 0.83958669218014647662 0.00000000099999999995 0.16041330381985358100 0.00000000099999999995 0.00000000099999999995 0.00000000099999999995
54 54 (0) 6 : 0.10853525080450150686 0.00000003009137502801 0.44815521747025227617 0.30465049215645406688 0.13831713893165262230 0.00034187054576457354
55 55 (0) 6 : 0.47361470210548323179 0.00000000099999999991 0.00000000099999999991 0.00000000099999999991 0.52638529389451660379 0.00000000099999999991
56 56 (0) 6 : 0.62799302494379516393 0.00000000099999999994 0.00000000099999999994 0.37200697105620500471 0.00000000099999999994 0.00000000099999999994
57 57 (0) 6 : 0.31007612363753062068 0.00000000099999999995 0.37686885453922908118 0.31305501882324032747 0.00000000099999999995 0.00000000099999999995
58 58 (0) 6 : 0.10423886564882486883 0.01519203657451411414 0.51506309439264785777 0.36550600138401306838 0.00000000099999999998 0.00000000099999999998
59 59 (0) 6 : 0.11017551470781912493 0.00000000099999999997 0.00000000099999999997 0.77539748492255722301 0.11442699736962359813 0.00000000099999999997
60 60 (0) 6 : 0.24322624865595707244 0.00000000099999999998 0.32762046263465244289 0.38136269387943200204 0.04779059282995857388 0.00000000099999999998
61 61 (0) 7 : 0.09726296215441668225 0.00000000099999999997 0.52294638604148691030 0.00000000099999999997 0.23076796555014972290 0.14902268425394671336
62 62 (0) 7 : 0.00000000099999999998 0.16125176407650221311 0.70398701184240508599 0.00000000099999999998 0.00000000099999999998 0.13476122108109270248
63 63 (0) 7 : 0.06906697620566626394 0.06509398152398722381 0.65030851493116581530 0.06639923325796071030 0.14913129308121989003 0.00000000099999999999
64 64 (0) 7 : 0.24111020044540049101 0.02309655185235373956 0.60432984765587416387 0.00000000099999999997 0.13146339804637155457 0.00000000099999999997
65 65 (0) 7 : 0.11191371868047571281 0.03244022516302428466 0.25886919372748240509 0.00000000099999999998 0.59677686042901745278 0.00000000099999999998
66 66 (0) 7 : 0.35414290073088811051 0.01627503689025587563 0.20847876888130925654 0.03884812024034988570 0.38225517225719674030 0.00000000099999999999
67 67 (0) 7 : 0.10963626528012332395 0.29075126829961878139 0.39252273538315329837 0.00000000099999999998 0.20708972903710456959 0.00000000099999999998
68 68 (0) 7 : 0.00000000099999999995 0.05951054230076667506 0.70753688292231353696 0.00000000099999999995 0.00000000099999999995 0.23295257177691980344
69 69 (0) 7 : 0.18740385825629568561 0.00000000433614902181 0.62288692774246934292 0.02437151442310738630 0.16533769424197869435 0.00000000099999999999
70 70 (0) 7 : 0.18254781796016159023 0.00000000099999999996 0.21079890828671840608 0.00000000099999999996 0.60665327075312003302 0.00000000099999999996
71 71 (0) 7 : 0.10340374373777377892 0.08399631236925959865 0.32085660147856603919 0.01920306396028399754 0.13295318471592612597 0.33958709373819040422
72 72 (0) 7 : 0.00000007359880642610 0.00000000099999999998 0.86706013004859527893 0.00000000099999999998 0.13293978836837427870 0.00000000598422406241
73 73 (0) 7 : 0.14061313128874883271 0.01159967628416371486 0.28721200452714412688 0.00000000099999999999 0.56057518589994315139 0.00000000099999999999
74 74 (0) 7 : 0.10389818956358536084 0.00000000099999999998 0.43267310964538518991 0.42783106227523914900 0.03559763651579041926 0.00000000099999999998
75 75 (0) 7 : 0.00000000099999999997 0.00000000099999999997 0.70781225761688248976 0.00000000099999999997 0.26385665531090801705 0.02833108407220948088
76 76 (0) 7 : 0.00000000099999999996 0.00000000099999999996 0.74631108217621999756 0.25368891382377983801 0.00000000099999999996 0.00000000099999999996
77 77 (0) 7 : 0.06697957298273204962 0.11073355988460646671 0.72412725931433841176 0.00000000099999999998 0.09815960581832310072 0.00000000099999999998
78 78 (0) 7 : 0.17129981133306498853 0.00000000099999999998 0.27418733523724458934 0.00000000099999999998 0.50197263677512948821 0.05254021465456093498
79 79 (0) 7 : 0.06149804094275212324 0.00000000099999999999 0.39426219495201347831 0.25486746969095724902 0.19973354652655164743 0.08963874688772560662
80 80 (0) 7 : 0.28565389679824471081 0.00000000099999999994 0.16751848243487296730 0.00000000099999999994 0.54682761776688226796 0.00000000099999999994
81 81 (0) 7 : 0.26098103182743498385 0.00000000099999999999 0.14030378112459096496 0.14560459833111705219 0.45311058671685688903 0.00000000099999999999
82 82 (0) 7 : 0.12842396415277321231 0.14639818486833053313 0.04904953408817084443 0.00000000099999999997 0.67612831489072544588 0.00000000099999999997
83 83 (0) 7 : 0.16704441918338608364 0.07947729880918308343 0.00000030234679817671 0.00000000099999999996 0.75347797766063251412 0.00000000099999999996
84 84 (0) 7 : 0.22929988122923355975 0.00000000099999999999 0.00000000099999999999 0.00000000099999999999 0.77070011477076638684 0.00000000099999999999
85 85 (0) 6 : 0.32542382863119090342 0.12270413838010808816 0.36580700961431888985 0.00000000099999999998 0.00000000099999999998 0.18606502137438210576
86 86 (0) 6 : 0.35661841051890652565 0.08080034486350354261 0.34074163902348775235 0.12720569589185348747 0.08456347702674117672 0.01007043267550758806
87 87 (0) 6 : 0.13908955846558782032 0.00000000099999999996 0.46671041192510787088 0.39420002660930431038 0.00000000099999999996 0.00000000099999999996
88 88 (0) 6 : 0.36815106974427935782 0.00000000099999999996 0.34603704513812411081 0.00000000099999999996 0.00000000099999999996 0.28581188211759667173
89 89 (0) 6 : 0.40233993400211659486 0.00000000099999999996 0.08739605242916337335 0.51026401056871995010 0.00000000099999999996 0.00000000099999999996
90 90 (0) 6 : 0.40155682710569667870 0.00000000100000000000 0.11648557740824010132 0.10585873564821179915 0.16578058153250488371 0.21031827730534646825
91 91 (0) 6 : 0.33533785789022402257 0.01257695118938127743 0.18031315897111352409 0.26714304585514075940 0.00000000099999999999 0.20462898509414045867
92 92 (0) 6 : 0.59368096060183550566 0.00000000099999999999 0.02999009482345618705 0.37629826637703317482 0.00003067619767518795 0.00000000099999999999
93 93 (0) 7 : 0.17030180457895996438 0.02136084947580247501 0.48586666693240687653 0.24572984128068817156 0.07674083673214243673 0.00000000099999999999
94 94 (0) 7 : 0.55870415501093173560 0.00000000099999999989 0.00000000099999999989 0.00000000099999999989 0.44129584098906826650 0.00000000099999999989
95 95 (0) 6 : 0.68499596395629680501 0.13450839714352635923 0.17263506938597286688 0.00690014060890220462 0.00096042790530167653 0.00000000100000000000
96 96 (0) 6 : 0.99999999500000003039 0.00000000099999999994 0.00000000099999999994 0.00000000099999999994 0.00000000099999999994 0.00000000099999999994
97 97 (0) 6 : 0.63285816430083707829 0.06211145860077969122 0.09309420245725644194 0.00000000099999999998 0.21193617264112682430 0.00000000099999999998
98 98 (0) 6 : 0.53288803799168515951 0.21746406154699579605 0.10556021356416869783 0.02201351817901937152 0.12207416771813087153 0.00000000099999999999
99 99 (0) 6 : 0.41805033346693754037 0.18637070459150251178 0.01051962999644043620 0.38505932994511954393 0.00000000099999999997 0.00000000099999999997
100 100 (0) 6 : 0.54522164260880401354 0.00000000099999999997 0.08274754393607622327 0.23295393786763893273 0.00000000099999999997 0.13907687358748097028
101 101 (0) 6 : 0.71680961515262364703 0.16005423495832038494 0.12243534641520081863 0.00000000099999999997 0.00070080147385497525 0.00000000099999999997
102 102 (0) 6 : 0.58888147973320970063 0.17513787441962219704 0.23598064284716802064 0.00000000099999999995 0.00000000099999999995 0.00000000099999999995
103 103 (0) 8 : 0.22512525959848245227 0.00000000099999999997 0.00000000099999999997 0.37594784684767051930 0.39892689055384700225 0.00000000099999999997
104 104 (0) 8 : 0.00000000099999999999 0.00000000099999999999 0.28041379581252839914 0.46500276067876006314 0.16763040541937257455 0.08695303608933903361
105 105 (0) 8 : 0.02467305278314665604 0.00000000099999999997 0.00000000099999999997 0.63879435924884175879 0.33653258496801141675 0.00000000099999999997
106 106 (0) 8 : 0.00000000099999999998 0.00000000099999999998 0.42703405391985121975 0.03604224617028135152 0.21161918449700264921 0.32530451341286464872
107 107 (0) 8 : 0.00000000099999999997 0.00000000099999999997 0.33586802971330342871 0.00000000099999999997 0.41533025118956279353 0.24880171609713372383
108 108 (0) 8 : 0.00000000099999999994 0.03421439902630005192 0.00000000099999999994 0.45140922816328832301 0.51437636981041157114 0.00000000099999999994
109 109 (0) 8 : 0.00000000099999999999 0.00000000099999999999 0.07983894976870531401 0.58325767080984691759 0.26558225975684440767 0.07132111766460340341
110 110 (0) 8 : 0.00000000099999999996 0.00000000099999999996 0.00000000099999999996 0.75479694907431249540 0.24520304692568747895 0.00000000099999999996
111 111 (0) 8 : 0.05297474555992190415 0.00000000100000000000 0.00000000100000000000 0.14021937698409492334 0.43830941326000905089 0.36849646219597415042
112 112 (0) 8 : 0.00000000099999999999 0.08485537536574395967 0.13556402459409655492 0.37736120606376327702 0.23651588810533849538 0.16570350487105772741
113 113 (0) 8 : 0.00000000099999999998 0.00000000099999999998 0.17408218561580263151 0.36073065383873204048 0.20572044160072275321 0.25946671694474254810
114 114 (0) 8 : 0.00000000099999999999 0.27399766784098716910 0.39193142353684823354 0.06822918588946998153 0.26584172073269463077 0.00000000099999999999
115 115 (0) 8 : 0.31350440720449390675 0.00000000099999999992 0.00000000099999999992 0.00000000099999999992 0.68649558879550598434 0.00000000099999999992
116 116 (0) 8 : 0.00000000099999999995 0.00000000099999999995 0.10931928223336968842 0.89068071376663038308 0.00000000099999999995 0.00000000099999999995
117 117 (0) 8 : 0.06741224519265059945 0.00000000100000000000 0.00031797482540129901 0.00096059947624954948 0.49559706654391727509 0.43571211296178119499
118 118 (0) 8 : 0.02317441641844746048 0.07966000832438255297 0.11004165133656312880 0.04744722412001902562 0.25908914823384054937 0.48058755156674720643
119 119 (0) 8 : 0.00000000099999999999 0.00000000099999999999 0.27899693333501279779 0.01724389604719382338 0.18315638549096274756 0.52060278312683061497
120 120 (0) 8 : 0.07621940483133679556 0.00000000099999999997 0.18521181442660081262 0.00000000099999999997 0.22331236314413738242 0.51525641559792489943
121 121 (0) 8 : 0.00000000099999999997 0.00000000099999999997 0.03886735418183558111 0.38723881016324263049 0.22514838938918707578 0.34874544426573478306
122 122 (0) 8 : 0.01630343739038006556 0.04281057129417568247 0.00000000099999999999 0.40451179428025618723 0.53637419503518790620 0.00000000099999999999
123 123 (0) 8 : 0.17989547498726352059 0.00000000100000000000 0.11291440597504406873 0.10417981869696510411 0.20978414645022092078 0.39322615289050627529
124 124 (0) 8 : 0.31034208982659877707 0.00000000099999999997 0.00000000099999999997 0.00000000099999999997 0.55665312126504407075 0.13300478590835709825
125 125 (0) 8 : 0.00000000099999999999 0.23562438116434947233 0.19585283471287667778 0.06284813974119564384 0.17559262982928638963 0.33008201355229183083
126 126 (0) 3 : 0.00000000906902656074 0.00000000100000000000 0.10617009808232263923 0.47423514921283566048 0.41658554520088753037 0.00300919743492755526
127 127 (0) 3 : 0.00000000099999999998 0.03900044803631744911 0.10644331591786973523 0.85455623304581285193 0.00000000099999999998 0.00000000099999999998
128 128 (0) 3 : 0.00000000099999999998 0.00000000099999999998 0.27616060000822312270 0.07843789840306544803 0.28329232159640932442 0.36210917799230202263
129 129 (0) 3 : 0.00000000099999999999 0.00000000099999999999 0.01238020093756179302 0.35700653127994658176 0.26002888208820446048 0.37058438369428736703
130 130 (0) 3 : 0.00000000099999999998 0.00000000099999999998 0.00000000099999999998 0.70974695036306811868 0.29025169199311501300 0.00000135464381676853
131 131 (0) 3 : 0.00000000099999999997 0.00000000099999999997 0.00073819837130561583 0.00000000099999999997 0.45729118911233745948 0.54197060951635689374
132 132 (0) 3 : 0.00000000099999999996 0.00000000099999999996 0.00000000326699250357 0.17014126948528571215 0.44267510407053034527 0.38718362117719140603
133 133 (0) 3 : 0.00000000099999999999 0.00000000099999999999 0.06797515669083423195 0.24610168997305045813 0.44899933270169573030 0.23692381863441952516
134 134 (0) 3 : 0.09911824225937611310 0.00000000099999999999 0.10414744709123019417 0.06139174387319852599 0.50856338781805332516 0.22677917795814186985
135 135 (0) 3 : 0.13579536790758831022 0.01263107621606454796 0.08367054399613778337 0.00000000100000000000 0.64501826059575728678 0.12288475028445219883
136 136 (0) 3 : 0.03992960731648875078 0.00000000099999999999 0.22049607798255677071 0.07616465181030829257 0.39695449819968897653 0.26645516369095728626
137 137 (0) 3 : 0.03617387946957353884 0.00000000099999999998 0.11223312304389462812 0.16643904509977300310 0.36541760940050566075 0.31973634198625305869
138 138 (0) 3 : 0.04253139755519309839 0.00000000099999999999 0.23773259271506561041 0.01271740372833854438 0.34581069116492496596 0.36120791383647771200
139 139 (0) 3 : 0.00825345342082293813 0.03083581330952298374 0.06419498047200374036 0.22876319728495203565 0.25698685235059987031 0.41096570316209829477
140 140 (0) 3 : 0.04845010483064949441 0.00000000099999999998 0.00000000099999999998 0.68652534320960756364 0.26497090209133472571 0.00005364786840834974
141 141 (0) 3 : 0.00000000099999999998 0.00000000099999999998 0.10919549184448057444 0.01256608826827917795 0.38582850877537916423 0.49240990911186105494
142 142 (0) 3 : 0.00000000099999999998 0.00000000099999999998 0.17782722393270386507 0.24036833044664485115 0.36712179694496249738 0.21468264667568878745
143 143 (0) 3 : 0.00000000099999999996 0.00000000099999999996 0.00000000099999999996 0.00000000099999999996 0.44571022310686564394 0.55428977289313430266
144 144 (0) 3 : 0.00601546715995246797 0.00000000099999999995 0.00000000099999999995 0.74595394182346219658 0.24803058801658536825 0.00000000099999999995
145 145 (0) 3 : 0.00000000099999999998 0.06104401425580970042 0.07411964161509100590 0.13142733773045239820 0.45673748342077830076 0.27667152197786848422
146 146 (0) 3 : 0.00000000099999999999 0.00000000099999999999 0.27740341698188564212 0.23544497260206109779 0.11688175806608998297 0.37026985034996323654
147 147 (0) 3 : 0.00000000099999999998 0.00000000099999999998 0.21128305069211666956 0.01353511868654493772 0.44353575326909078225 0.33164607535224766011
148 148 (0) 3 : 0.00000000099999999999 0.06337568506607052510 0.29466460895642648810 0.00000000099999999999 0.35773324374821902083 0.28422646022928393927
149 149 (0) 3 : 0.00000000099999999997 0.00000000099999999997 0.41422892123660670638 0.00000000099999999997 0.15557009217264000656 0.43020098359075331640
150 150 (0) 3 : 0.00000000099999999997 0.18865090631812841959 0.13733898479660347491 0.00000000099999999997 0.37849213915236501471 0.29551796773290311959
151 151 (0) 3 : 0.00000000099999999998 0.00000000099999999998 0.27291822000950172189 0.00000000099999999998 0.32234620209880926467 0.40473557489168893175
152 152 (0) 3 : 0.04652877277770231523 0.00000000099999999999 0.00000000099999999999 0.42620490137133310027 0.41104614074622419784 0.11622018310474049874
153 153 (0) 8 : 0.00000000099999999997 0.19784568701066357344 0.03665578886433862316 0.40624882897111180835 0.35924969315388594060 0.00000000099999999997
154 154 (0) 8 : 0.33190039948261834679 0.00000000099999999994 0.00000000099999999994 0.00000000099999999994 0.66809959651738159980 0.00000000099999999994
155 155 (0) 8 : 0.00000000099999999998 0.00000000099999999998 0.22741655641877620009 0.31144992870891602399 0.15792977085632112222 0.30320374201598659925
156 156 (0) 8 : 0.21714573887042834532 0.13724545167232571341 0.05955099228355391350 0.00000000099999999999 0.24076860644599545891 0.34528920972769655551
157 157 (0) 8 : 0.03773430244339311124 0.07251761150084300167 0.11686450468918335721 0.40596646525090063218 0.22418020009530029157 0.14273691602037960613
158 158 (0) 8 : 0.07159582390049983036 0.00000000100000000000 0.02833659064353345053 0.37966508198475212854 0.39462320146462459558 0.12577930100658998858
159 159 (0) 8 : 0.08135024431819436186 0.10571428568483799693 0.09136595777657531559 0.27545553673842082532 0.34960131777113373497 0.09651265771083776535
160 160 (0) 1 : 0.31980548777390677140 0.00000000099999999998 0.05608772647229845476 0.00484544400589475861 0.02793106203310454991 0.59133027871479548754
161 161 (0) 1 : 0.19809717637632481835 0.16935137304775457756 0.08763030427595963623 0.32644536334064339078 0.00000000099999999998 0.21847578195931766087
162 162 (0) 1 : 0.20349587768134902444 0.04074056493727238465 0.00000000099999999999 0.00000000099999999999 0.00734542097697638095 0.74841813440440219107
163 163 (0) 1 : 0.41996525629912850874 0.00000000099999999997 0.00000000099999999997 0.41015041747305730491 0.00000000099999999997 0.16988432322781424344
164 164 (0) 1 : 0.16181845835704766756 0.00080147655670447979 0.00000000099999999998 0.03502913457820537591 0.00000000099999999998 0.80235092850804257125
165 165 (0) 1 : 0.23954649588655219095 0.00000000099999999998 0.00000000099999999998 0.28479735218851709444 0.18191993316654406221 0.29373621675838673672
166 166 (0) 1 : 0.33716412089487535209 0.00000000099999999999 0.00000000099999999999 0.02588486364705806092 0.00000000099999999999 0.63695101245806640122
167 167 (0) 1 : 0.01786519292956320962 0.00000000099999999997 0.27721745245428869309 0.09470403559410592309 0.00000000099999999997 0.61021331702204206771
168 168 (0) 2 : 0.02733520101075030337 0.18512692929178425905 0.00000000099999999998 0.65771992414983870834 0.00000000099999999998 0.12981794354762682397
169 169 (0) 2 : 0.05993295283318438721 0.00000000099999999998 0.37173494363015757713 0.00000000099999999998 0.12117757406037904522 0.44715452747627892904
170 170 (0) 2 : 0.07247827996842823306 0.00000000099999999999 0.25571619803422579453 0.07724656170211469108 0.09834675876350668089 0.49621220053172465647
171 171 (0) 2 : 0.00000000099999999998 0.22000467990007435692 0.00000000099999999998 0.55780376019455801817 0.22219155690536768200 0.00000000099999999998
172 172 (0) 2 : 0.00000000099999999998 0.00000000099999999998 0.37791211825802228930 0.15391467122191873629 0.00000000099999999998 0.46817320752005914253
173 173 (0) 2 : 0.00000000099999999996 0.00000000099999999996 0.00000000099999999996 0.86424744913154127879 0.13575254686845872332 0.00000000099999999996
174 174 (0) 2 : 0.35342698934030664093 0.02466084078425342593 0.04775842227918611349 0.21119523748573382216 0.00000000099999999999 0.36295850911052007781
175 175 (0) 2 : 0.00000000099999999999 0.64665765247813455918 0.28728164031714703563 0.06606070420471844840 0.00000000099999999999 0.00000000099999999999
176 176 (0) 1 : 0.11811524161005287903 0.00000000100000000000 0.00000000481170458989 0.45082001234586360772 0.08199249938681435479 0.34907224084556465193
177 177 (0) 1 : 0.49841108829293656601 0.14647608725752708780 0.00000000099999999999 0.00000000099999999999 0.00000000099999999999 0.35511282144953654205
178 178 (0) 1 : 0.39578353862317761092 0.00000000099999999997 0.00000000099999999997 0.51790015658793320252 0.08631630178888906324 0.00000000099999999997
179 179 (0) 1 : 0.60069941630096557184 0.00000000099999999996 0.00000000099999999996 0.17748337602082342457 0.00000000099999999996 0.22181720467821108844
180 180 (0) 1 : 0.47816415395609335182 0.03409285237722212147 0.00000000099999999997 0.48774299066668469482 0.00000000099999999997 0.00000000099999999997
181 181 (0) 1 : 0.91231561410577155513 0.01372860924260585307 0.00000000099999999995 0.00000000099999999995 0.00000000099999999995 0.07395577365162271655
182 182 (0) 2 : 0.23957983270617308480 0.18685779196885818343 0.05896158093385557575 0.51460079239111322646 0.00000000099999999999 0.00000000099999999999
183 183 (0) 2 : 0.13680924234047089905 0.00000000100000000000 0.37954582438580014569 0.00000000100000000000 0.00000000125965623930 0.48364493001407271588
184 184 (0) 2 : 0.00000000099999999996 0.19249833000105448511 0.00000000099999999996 0.80750166599894557251 0.00000000099999999996 0.00000000099999999996
185 185 (0) 2 : 0.00000000099999999997 0.01371320123603630113 0.43707903790551433376 0.00000000099999999997 0.00000000099999999997 0.54920775785844933026
186 186 (0) 2 : 0.00000000099999999994 0.63838359158338420229 0.00000000099999999994 0.36161640441661579981 0.00000000099999999994 0.00000000099999999994
187 187 (0) 1 : 0.09255493795126604195 0.30755403200664199748 0.00000000099999999994 0.59989102704209207317 0.00000000099999999994 0.00000000099999999994
188 188 (0) 1 : 0.37996861445348939501 0.00000000099999999998 0.00000000099999999998 0.00000000099999999998 0.21374036158746942404 0.40629102095904107150
189 189 (0) 1 : 0.40036479384061579578 0.26931232708852026470 0.00000000099999999999 0.18334854703055944447 0.07738928155607682768 0.06958504948422776504
190 190 (0) 1 : 0.57198070973652948013 0.00007509193873531725 0.03057937203971641468 0.00000000099999999999 0.00000000099999999999 0.39736482428501879172
191 191 (0) 1 : 0.19971387857963979195 0.01244004269390337931 0.00000000099999999995 0.78784607572645681817 0.00000000099999999995 0.00000000099999999995
192 192 (0) 1 : 0.57836109155824511063 0.07141924891936667075 0.00000000099999999997 0.00000000099999999997 0.00000000099999999997 0.35021965652238823408
193 193 (0) 1 : 0.58142660272519319786 0.00000004121637766066 0.00000000099999999999 0.01886941804345640405 0.00000000099999999999 0.39970393601497261615
194 194 (0) 1 : 0.44034324628845900040 0.00000000099999999997 0.00000000099999999997 0.50316656157350392320 0.05649018913803689756 0.00000000099999999997
195 195 (0) 2 : 0.21391238233101850241 0.00000000099999999998 0.05614876596512345663 0.45061589285805542238 0.00000000099999999998 0.27932295684580266126
196 196 (0) 2 : 0.08356622112182009177 0.16393776097785778267 0.00000000099999999999 0.58275084634457996469 0.16974516955574203703 0.00000000099999999999
197 197 (0) 2 : 0.32083161706452995032 0.00000000099999999999 0.25147233898337578717 0.00000000099999999999 0.00899309357727266952 0.41870294837482152639
198 198 (0) 2 : 0.21677081483113802562 0.00000000099999999999 0.06416646190578666198 0.14173460588847952568 0.17646896107443568735 0.40085915530016014152
199 199 (0) 2 : 0.15194076501003550561 0.03107404436401558709 0.23883149074294893199 0.00000000099999999999 0.00000000099999999999 0.57815369788299997289
200 200 (0) 2 : 0.00000000099999999998 0.00000000099999999998 0.18635462817878473141 0.81364536782121521519 0.00000000099999999998 0.00000000099999999998
201 201 (0) 2 : 0.05228527976422148865 0.24255242590776210365 0.00000000100000000000 0.47872901146406759976 0.06206000247422058247 0.16437327938972809416
202 202 (0) 2 : 0.15752578624961618980 0.00000000099999999999 0.00000000099999999999 0.00000000099999999999 0.08974158613130443773 0.75273262461907941567
203 203 (0) 2 : 0.10231855482966102644 0.02976619836440874689 0.00000000099999999999 0.14973162707903073243 0.00000000099999999999 0.71818361772689942590
204 204 (0) 2 : 0.00000000099999999999 0.01287139318509265308 0.15755437449590584120 0.11935518558736842032 0.00000000099999999999 0.71021904473163299798
205 205 (0) 2 : 0.18214454212763653285 0.00000000099999999997 0.09776449160431799346 0.04449515328691242000 0.00000000099999999997 0.67559581098113308251
206 206 (0) 2 : 0.03654998083065976594 0.00000000100000000000 0.21832979335837415791 0.15740110341157784180 0.23319228350836676555 0.35452683789102151790
207 207 (0) 2 : 0.00000000100000000000 0.02568123030746784913 0.30542050133928766442 0.40164014899886446575 0.00166367079902632721 0.26559444755535349669
208 208 (0) 9 : 0.00843576027348227724 0.00000000099999999999 0.00000000099999999999 0.52441920492135063459 0.00000000099999999999 0.46714503180516708802
209 209 (0) 9 : 0.12471633981274311831 0.01429023157782873150 0.00000000099999999999 0.71039378303066413878 0.10324965835155704152 0.04734998622720702072
210 210 (0) 9 : 0.00000000099999999999 0.32371663266311456741 0.00000000099999999999 0.00000000099999999999 0.04811750352596996794 0.62816586081091541072
211 211 (0) 9 : 0.16413715797393149676 0.27187683591254968585 0.00000000099999999999 0.32406828294984441063 0.04387924914632577306 0.19603847301734847464
212 212 (0) 9 : 0.00000000099999999998 0.28022916964652849758 0.00000000099999999998 0.52492247997935881365 0.08383323272907003409 0.11101511564504272511
213 213 (0) 9 : 0.00796603764633545784 0.21805831459950836271 0.01720617586358626216 0.00000000100000000000 0.06025626374784145978 0.69651320714272846324
214 214 (0) 9 : 0.00000000099999999999 0.25609126434355217183 0.00000000099999999999 0.45944459809569232478 0.02564670836395041911 0.25881742719680506104
215 215 (0) 9 : 0.00000000099999999997 0.23570064504918333825 0.00000000099999999997 0.00000000099999999997 0.00000000099999999997 0.76429935095081669161
216 216 (0) 9 : 0.00000000099999999986 0.99999999500000014141 0.00000000099999999986 0.00000000099999999986 0.00000000099999999986 0.00000000099999999986
217 217 (0) 9 : 0.05567360332758764657 0.00000000099999999999 0.00000000099999999999 0.00000000099999999999 0.10882140187238020790 0.83550499180003212629
218 218 (0) 9 : 0.00000000099999999997 0.39255169463469241631 0.00000000099999999997 0.28410359972035020837 0.32334470264495712710 0.00000000099999999997
219 219 (0) 9 : 0.00000000099999999997 0.11868237489569467835 0.00000000099999999997 0.00000000099999999997 0.00000000099999999997 0.88131762110430522661
220 220 (0) 9 : 0.00616909164382470517 0.21270940960287501587 0.00000000099999999998 0.59431431679115898081 0.00000000099999999998 0.18680717996214127319
221 221 (0) 9 : 0.00210993112900086620 0.04826984028158913531 0.14015807981084960065 0.24097030134490599051 0.00000000100000000000 0.56849184643365424652
222 222 (0) 9 : 0.07598991403099204789 0.00000000099999999998 0.00000000099999999998 0.45021136646327952757 0.00000000099999999998 0.47379871650572846775
223 223 (0) 9 : 0.00000000099999999996 0.09582813294878657351 0.00000000099999999996 0.76641494247059305245 0.06110676801786675549 0.07665015456275364736
224 224 (0) 9 : 0.00000000099999999998 0.15214376916257477124 0.15373515127882023124 0.00000000099999999998 0.00460779051803033787 0.68951328704057468499
225 225 (0) 9 : 0.00000000099999999997 0.00000000099999999997 0.03208080969854611858 0.00000000099999999997 0.03115981511580515756 0.93675937218564864217
226 226 (0) 9 : 0.20669557513311542785 0.05771148491543330594 0.00109586009038283591 0.00346819180404117893 0.05620864646544643933 0.67482024159158082721
227 227 (0) 9 : 0.07635178652267814170 0.46432961747334711156 0.00000000099999999996 0.00000000099999999996 0.00000000099999999996 0.45931859300397470669
228 228 (0) 9 : 0.00000000099999999998 0.10915299501437329688 0.00000000099999999998 0.27120188170585690646 0.00000000099999999998 0.61964512027976970110
229 229 (0) 9 : 0.00000000099999999999 0.00000000099999999999 0.16510476068692792051 0.00000000099999999999 0.02272022051663886294 0.81217501579643314180
230 230 (0) 9 : 0.07645562878695263964 0.21139401696284740306 0.00000000099999999997 0.00000000099999999997 0.00000000099999999997 0.71215035125019987561
231 231 (0) 9 : 0.24140089773431003262 0.01353839952924398675 0.03207981815866774861 0.00000000099999999999 0.00000000099999999999 0.71298088257777814114
232 232 (0) 9 : 0.01239663406806045497 0.01223252111819514258 0.00000000099999999998 0.42636648881848449033 0.00000000099999999998 0.54900435399525993052
233 233 (0) 9 : 0.18179841889342890360 0.34491842968002367487 0.00000000099999999997 0.06260104468623620133 0.00000000099999999997 0.41068210474031119350
234 234 (0) 9 : 0.00000000099999999996 0.10462597788687345857 0.00000000099999999996 0.00000023745501590347 0.00000000099999999996 0.89537378165811076780
235 235 (0) 9 : 0.00000000099999999997 0.22165088106345079422 0.00000000099999999997 0.26152566374158259244 0.00000000099999999997 0.51682345219496672595
236 236 (0) 9 : 0.20248393187868038434 0.01987658263127423455 0.18638794834574068382 0.05295631922361637017 0.01380368882874962941 0.52449152909193863525
237 237 (0) 10 : 0.24947835479154736871 0.17272047446552055150 0.00000000100000000000 0.05811362017367430188 0.15306764909950551501 0.36661990046975206914
238 238 (0) 10 : 0.13822550457058310758 0.18918193747543138317 0.00021008973347418100 0.00005163193512124120 0.00000000099999999999 0.67233083528538994944
239 239 (0) 10 : 0.00000000099999999998 0.00000000099999999998 0.00000000099999999998 0.00000000099999999998 0.00000000099999999998 0.99999999499999991937
240 240 (0) 10 : 0.00000103321529700715 0.00428434795546555128 0.00000000099999999998 0.89934422710650274713 0.00000000099999999998 0.09637038972273467841
241 241 (0) 10 : 0.07041478349740855347 0.16050900759512248817 0.00000000099999999999 0.76907620590746905709 0.00000000099999999999 0.00000000099999999999
242 242 (0) 10 : 0.01770307770921519114 0.14822201236588672391 0.30570868955354107976 0.00000000099999999999 0.00000000099999999999 0.52836621837135699931
243 243 (0) 10 : 0.01293237390412509992 0.05007865680346585552 0.00000011805308090636 0.00000000099999999999 0.00000000099999999999 0.93698884923932812541
244 244 (0) 10 : 0.27225371252084556994 0.39384794706411896392 0.00000000099999999995 0.33389833741503543996 0.00000000099999999995 0.00000000099999999995
245 245 (0) 10 : 0.14484419976930426599 0.39228962859405830388 0.00000000099999999998 0.17359200489626383512 0.00000000099999999998 0.28927416474037365157
246 246 (0) 10 : 0.17838897909497605787 0.50864707663780184266 0.00000000099999999998 0.00000000099999999998 0.31296394126722221207 0.00000000099999999998
247 247 (0) 10 : 0.17901516622284882607 0.14976627186967483851 0.00000000099999999999 0.00000000099999999999 0.01684350470494638125 0.65437505520252992053
248 248 (0) 10 : 0.05457008271002986022 0.09812226901707929438 0.00000000100000000000 0.00000000100000000000 0.36175868276576078619 0.48554896350713011577
249 249 (0) 10 : 0.32394772118552744855 0.05268350538280790196 0.00000073301275736861 0.00000000100000000000 0.03261490564743252385 0.59075313377147464777
250 250 (0) 10 : 0.30301559038554887193 0.00000000100000000000 0.18552428666061202001 0.22138417194851450764 0.13089784212903698979 0.15917810787628758340
251 251 (0) 10 : 0.70121330633991918457 0.29878668966008087304 0.00000000099999999996 0.00000000099999999996 0.00000000099999999996 0.00000000099999999996
252 252 (0) 10 : 0.05703911646405733504 0.14136602272440304540 0.02846947051772091147 0.23931384309681122402 0.16534006312244076131 0.36847148407456681296
253 253 (0) 10 : 0.02963553441777603409 0.41811095544240195476 0.00000000099999999999 0.00000000099999999999 0.00000000099999999999 0.55225350713982201967
254 254 (0) 10 : 0.14799462800138607488 0.13212454974191201185 0.00000000099999999998 0.39088126168277981254 0.00000000099999999998 0.32899955857392215730
255 255 (0) 10 : 0.42703335001448089470 0.36544214692944798628 0.08599690919772386144 0.00000000099999999998 0.12152759185834732802 0.00000000099999999998
256 256 (0) 10 : 0.45291794435658827567 0.40557315554716211192 0.14150889709624961399 0.00000000099999999999 0.00000000099999999999 0.00000000099999999999
257 257 (0) 10 : 0.20358884225984230643 0.00000000099999999998 0.00000000099999999998 0.71439028650097990969 0.08202086823917784097 0.00000000099999999998
258 258 (0) 10 : 0.37287538900805550224 0.38270987253025956498 0.00000000099999999999 0.00000000099999999999 0.01247515032443239323 0.23193958613725249029
259 259 (0) 10 : 0.19936633104503972969 0.18363321282305522519 0.00000000100000000000 0.54515247868622174199 0.07184797544568316541 0.00000000100000000000
260 260 (0) 10 : 0.00194730369456179941 0.26896152463714706471 0.00000000099999999999 0.00000000099999999999 0.00000000099999999999 0.72909116866829115633
261 261 (0) 10 : 0.03721803517882705387 0.32136056667525547681 0.00000000099999999997 0.64142139514591756111 0.00000000099999999997 0.00000000099999999997
262 262 (0) 10 : 0.18834950914614193018 0.29616246347910474279 0.39730936921604503853 0.00000000099999999997 0.00000000099999999997 0.11817865615870834506
263 263 (0) 10 : 0.42980164326640940553 0.19802218552060626977 0.16695153270630802567 0.00000000099999999999 0.10908174668969501664 0.09614289081698126904
264 264 (0) 11 : 0.00000000099999999993 0.43836193814380264300 0.00000000099999999993 0.00000000099999999993 0.56163805785619713706 0.00000000099999999993
265 265 (0) 11 : 0.00000000099999999997 0.64813999737492877795 0.11206326636219977877 0.00000000099999999997 0.00000000099999999997 0.23979673326287134771
266 266 (0) 11 : 0.00000000099999999990 0.21922268977390119149 0.00000000099999999990 0.00000000099999999990 0.78077730622609886613 0.00000000099999999990
267 267 (0) 11 : 0.00000000099999999998 0.21501681903737293600 0.00000000099999999998 0.39489253663288015339 0.39009064132974685668 0.00000000099999999998
268 268 (0) 11 : 0.00000000099999999994 0.66548089039958857605 0.00000000099999999994 0.00000000099999999994 0.33451910560041137055 0.00000000099999999994
269 269 (0) 11 : 0.00000000099999999990 0.56434289020353001209 0.00000000099999999990 0.00000000099999999990 0.43565710579646987899 0.00000000099999999990
270 270 (0) 11 : 0.00000000099999999997 0.36187414317711796841 0.16194063691434512631 0.00000000099999999997 0.40193647670761700752 0.07424874120091987106
271 271 (0) 11 : 0.00000000099999999994 0.99826920938923191517 0.00000000099999999994 0.00000000099999999994 0.00173078661076819904 0.00000000099999999994
272 272 (0) 11 : 0.00000000099999999991 0.76845582816744240073 0.00000000099999999991 0.00000000099999999991 0.23154416783255757362 0.00000000099999999991
273 273 (0) 12 : 0.00000000099999999999 0.00000000099999999999 0.00000068810910072977 0.20385979605245263535 0.05611079989688843445 0.74002871394155811391
274 274 (0) 12 : 0.00000000099999999999 0.04674524728558610009 0.00000000099999999999 0.52722062764359522991 0.03487565091261289607 0.39115847215820559457
275 275 (0) 12 : 0.00000000099999999995 0.00000000099999999995 0.00000000099999999995 0.42819631824744691651 0.00000000099999999995 0.57180367775255303009
276 276 (0) 12 : 0.00000000099999999995 0.02475291054421154338 0.00000000099999999995 0.97524708545578842056 0.00000000099999999995 0.00000000099999999995
277 277 (0) 12 : 0.12763501176760660982 0.32101980414656011709 0.00000000099999999997 0.00000000099999999997 0.00000000099999999997 0.55134518108583330243
278 278 (0) 12 : 0.00000000099999999999 0.03619709486814440269 0.00000000099999999999 0.52823921873045043274 0.03872862171339309934 0.39683506268801221895
279 279 (0) 12 : 0.00000000099999999999 0.00000000099999999999 0.00000000099999999999 0.84576845343597240046 0.00000000099999999999 0.15423154256402754614
280 280 (0) 12 : 0.06792611482169498560 0.00000000099999999998 0.00000000099999999998 0.00000000099999999998 0.07177240195318733418 0.86030148022511765404
281 281 (0) 12 : 0.10213040018715117963 0.13060706707500374657 0.03309145860992990934 0.43725071686871863630 0.00062317033213199426 0.29629718692706463745
282 282 (0) 12 : 0.37581759216952931313 0.08561913385930954024 0.00000000099999999997 0.00000000099999999997 0.53856327097116107883 0.00000000099999999997
283 283 (0) 12 : 0.00000000100000000000 0.00388544381314528476 0.12433762658968114390 0.16812454875150856237 0.01485611599471182119 0.68879626385095316099
284 284 (0) 12 : 0.00000000099999999998 0.00000000099999999998 0.00000000099999999998 0.76974366825769224842 0.23025632774230775368 0.00000000099999999998
285 285 (0) 12 : 0.00000000099999999998 0.00001584768480823793 0.00000000099999999998 0.88399161810558579688 0.00000000099999999998 0.11599253120960598129
286 286 (0) 12 : 0.00000000099999999996 0.70244007714543599263 0.00000000099999999996 0.29755991885456412049 0.00000000099999999996 0.00000000099999999996
287 287 (0) 12 : 0.04800265478639481609 0.10552077870700607432 0.00000000099999999999 0.25490958513582112621 0.00000000099999999999 0.59156697937077784566
288 288 (0) 12 : 0.00000000099999999995 0.32194600441569642957 0.00000000099999999995 0.19527713439101987425 0.00000000099999999995 0.48277685819328380878
289 289 (0) 12 : 0.00966281142529272496 0.12125865309490271859 0.02558557694805960528 0.01649740238723305941 0.00000000099999999999 0.82699555514451184024
290 290 (0) 12 : 0.18311777789088154456 0.45711401099612736232 0.00000000099999999999 0.06503709959106436511 0.12596127584055263893 0.16876983468137413125
291 291 (0) 12 : 0.00000000099999999999 0.17367428217047037320 0.21357857351935299883 0.04928351719109378554 0.06642386645029993431 0.49703975966878294335
292 292 (0) 12 : 0.00000000099999999997 0.15213646485510229356 0.13070898861588842177 0.00000000099999999997 0.00000000099999999997 0.71715454352900909196
293 293 (0) 12 : 0.00000000099999999994 0.24360109622523362649 0.00000000099999999994 0.35465876193736495248 0.00000000099999999994 0.40174013883740150588
294 294 (0) 12 : 0.10596619544207737385 0.18146169722699792559 0.00000000099999999998 0.40223171119732403778 0.00000000099999999998 0.31034039413360064996
295 295 (0) 12 : 0.01608763225702557198 0.12473721544808367978 0.00000000099999999999 0.44941608737509614047 0.00000000099999999999 0.40975906291979474760
296 296 (0) 12 : 0.00000000099999999998 0.35404688695228742068 0.19162918379190191365 0.00000000099999999998 0.00000000099999999998 0.45432392625581069501
297 297 (0) 12 : 0.00000000099999999998 0.08424411324025812831 0.04651201582666286694 0.61657387076762759648 0.00000000099999999998 0.25266999816545127056
298 298 (0) 12 : 0.15154719459196719367 0.10978082375544416516 0.00000000099999999999 0.73867197865258871214 0.00000000099999999999 0.00000000099999999999
299 299 (0) 12 : 0.21884540560526904995 0.00000000100000000000 0.00000000100000000000 0.24186452425730528559 0.16004400925450143478 0.37924605888292423073
300 300 (0) 12 : 0.00000000099999999997 0.01990293208012605675 0.00000000099999999997 0.98009706391987405638 0.00000000099999999997 0.00000000099999999997
