1.0000	0.9952	0.9946	0.9946	0.7879	0.7891	0.7978	0.7679	0.7592	0.9925	0.7517	0.7676	0.6970	0.8402	0.7012	0.9963	0.7680	0.7298	0.7884	0.7282
0.9952	1.0000	0.9984	0.9984	0.7878	0.7883	0.7975	0.7677	0.7584	0.9930	0.7520	0.7664	0.6959	0.8382	0.7001	0.9974	0.7674	0.7290	0.7876	0.7273
0.9946	0.9984	1.0000	1.0000	0.7877	0.7884	0.7976	0.7677	0.7584	0.9928	0.7520	0.7665	0.6959	0.8379	0.7001	0.9973	0.7674	0.7290	0.7876	0.7273
0.9946	0.9984	1.0000	1.0000	0.7877	0.7884	0.7976	0.7677	0.7584	0.9928	0.7520	0.7665	0.6959	0.8379	0.7001	0.9973	0.7674	0.7290	0.7876	0.7273
0.7879	0.7878	0.7877	0.7877	1.0000	0.7598	0.7718	0.8636	0.7652	0.7879	0.6952	0.7457	0.6975	0.7600	0.6979	0.7880	0.7334	0.7278	0.7591	0.7352
0.7891	0.7883	0.7884	0.7884	0.7598	1.0000	0.9350	0.7421	0.8561	0.7888	0.6735	0.9012	0.7708	0.7760	0.7811	0.7887	0.7504	0.7986	0.9933	0.8045
0.7978	0.7975	0.7976	0.7976	0.7718	0.9350	1.0000	0.7508	0.8405	0.7981	0.6778	0.8729	0.7551	0.7751	0.7653	0.7977	0.7480	0.7846	0.9328	0.7888
0.7679	0.7677	0.7677	0.7677	0.8636	0.7421	0.7508	1.0000	0.7078	0.7675	0.6696	0.7540	0.6745	0.7536	0.6683	0.7679	0.7471	0.6814	0.7413	0.6841
0.7592	0.7584	0.7584	0.7584	0.7652	0.8561	0.8405	0.7078	1.0000	0.7589	0.6860	0.8390	0.7996	0.7391	0.8008	0.7587	0.7137	0.8677	0.8565	0.8961
0.9925	0.9930	0.9928	0.9928	0.7879	0.7888	0.7981	0.7675	0.7589	1.0000	0.7510	0.7668	0.6962	0.8392	0.7005	0.9933	0.7671	0.7294	0.7881	0.7277
0.7517	0.7520	0.7520	0.7520	0.6952	0.6735	0.6778	0.6696	0.6860	0.7510	1.0000	0.6647	0.7231	0.7293	0.7307	0.7517	0.7073	0.7001	0.6729	0.6908
0.7676	0.7664	0.7665	0.7665	0.7457	0.9012	0.8729	0.7540	0.8390	0.7668	0.6647	1.0000	0.7808	0.7657	0.7726	0.7669	0.7559	0.7969	0.9014	0.8032
0.6970	0.6959	0.6959	0.6959	0.6975	0.7708	0.7551	0.6745	0.7996	0.6962	0.7231	0.7808	1.0000	0.7146	0.9354	0.6964	0.6986	0.8266	0.7717	0.8128
0.8402	0.8382	0.8379	0.8379	0.7600	0.7760	0.7751	0.7536	0.7391	0.8392	0.7293	0.7657	0.7146	1.0000	0.7231	0.8391	0.8065	0.7174	0.7763	0.7152
0.7012	0.7001	0.7001	0.7001	0.6979	0.7811	0.7653	0.6683	0.8008	0.7005	0.7307	0.7726	0.9354	0.7231	1.0000	0.7006	0.6922	0.8335	0.7819	0.8184
0.9963	0.9974	0.9973	0.9973	0.7880	0.7887	0.7977	0.7679	0.7587	0.9933	0.7517	0.7669	0.6964	0.8391	0.7006	1.0000	0.7679	0.7293	0.7880	0.7277
0.7680	0.7674	0.7674	0.7674	0.7334	0.7504	0.7480	0.7471	0.7137	0.7671	0.7073	0.7559	0.6986	0.8065	0.6922	0.7679	1.0000	0.6814	0.7498	0.6851
0.7298	0.7290	0.7290	0.7290	0.7278	0.7986	0.7846	0.6814	0.8677	0.7294	0.7001	0.7969	0.8266	0.7174	0.8335	0.7293	0.6814	1.0000	0.7990	0.9365
0.7884	0.7876	0.7876	0.7876	0.7591	0.9933	0.9328	0.7413	0.8565	0.7881	0.6729	0.9014	0.7717	0.7763	0.7819	0.7880	0.7498	0.7990	1.0000	0.8050
0.7282	0.7273	0.7273	0.7273	0.7352	0.8045	0.7888	0.6841	0.8961	0.7277	0.6908	0.8032	0.8128	0.7152	0.8184	0.7277	0.6851	0.9365	0.8050	1.0000
