1.0000 0.7033 0.8042 0.7241 0.7236 0.8117 0.6936 0.6953 0.6852 0.6965 0.6390 0.7520 0.7086 0.8557 0.6885 0.6723 0.7616 0.7172 0.7172 0.6525
0.7033 1.0000 0.7000 0.6651 0.6424 0.7426 0.6736 0.6607 0.6311 0.8989 0.6353 0.6134 0.8660 0.6863 0.6758 0.7081 0.7109 0.7361 0.7361 0.7177
0.8042 0.7000 1.0000 0.7328 0.7060 0.8447 0.7230 0.6982 0.6738 0.6891 0.6727 0.6908 0.7044 0.7581 0.7115 0.6647 0.7342 0.7004 0.7004 0.6516
0.7241 0.6651 0.7328 1.0000 0.7043 0.7645 0.6695 0.7148 0.6981 0.6718 0.6379 0.7809 0.6748 0.7053 0.6931 0.6586 0.6864 0.6900 0.6900 0.6195
0.7236 0.6424 0.7060 0.7043 1.0000 0.7142 0.6759 0.7401 0.7011 0.6346 0.6094 0.7028 0.6328 0.7100 0.6842 0.6527 0.6876 0.6564 0.6564 0.6345
0.8117 0.7426 0.8447 0.7645 0.7142 1.0000 0.7324 0.7212 0.6792 0.7439 0.6632 0.6845 0.7623 0.7750 0.7425 0.7032 0.7618 0.7446 0.7446 0.6514
0.6936 0.6736 0.7230 0.6695 0.6759 0.7324 1.0000 0.7516 0.6124 0.6700 0.7225 0.6265 0.6676 0.7157 0.8791 0.7121 0.7315 0.6769 0.6769 0.6413
0.6953 0.6607 0.6982 0.7148 0.7401 0.7212 0.7516 1.0000 0.6565 0.6568 0.6428 0.7021 0.6607 0.7220 0.7589 0.7515 0.7144 0.6808 0.6808 0.6304
0.6852 0.6311 0.6738 0.6981 0.7011 0.6792 0.6124 0.6565 1.0000 0.6300 0.6023 0.6706 0.6280 0.6594 0.6251 0.6077 0.6575 0.6574 0.6574 0.6483
0.6965 0.8989 0.6891 0.6718 0.6346 0.7439 0.6700 0.6568 0.6300 1.0000 0.6444 0.6085 0.8816 0.6763 0.6848 0.6940 0.7072 0.7566 0.7566 0.7303
0.6390 0.6353 0.6727 0.6379 0.6094 0.6632 0.7225 0.6428 0.6023 0.6444 1.0000 0.6007 0.6431 0.6231 0.7169 0.6067 0.6454 0.6250 0.6250 0.6432
0.7520 0.6134 0.6908 0.7809 0.7028 0.6845 0.6265 0.7021 0.6706 0.6085 0.6007 1.0000 0.6126 0.7296 0.6300 0.6210 0.6606 0.6329 0.6329 0.6035
0.7086 0.8660 0.7044 0.6748 0.6328 0.7623 0.6676 0.6607 0.6280 0.8816 0.6431 0.6126 1.0000 0.6726 0.6770 0.7015 0.7001 0.7292 0.7292 0.6878
0.8557 0.6863 0.7581 0.7053 0.7100 0.7750 0.7157 0.7220 0.6594 0.6763 0.6231 0.7296 0.6726 1.0000 0.7133 0.7049 0.7810 0.7038 0.7038 0.6422
0.6885 0.6758 0.7115 0.6931 0.6842 0.7425 0.8791 0.7589 0.6251 0.6848 0.7169 0.6300 0.6770 0.7133 1.0000 0.7134 0.7314 0.6859 0.6859 0.6414
0.6723 0.7081 0.6647 0.6586 0.6527 0.7032 0.7121 0.7515 0.6077 0.6940 0.6067 0.6210 0.7015 0.7049 0.7134 1.0000 0.7017 0.6786 0.6786 0.6278
0.7616 0.7109 0.7342 0.6864 0.6876 0.7618 0.7315 0.7144 0.6575 0.7072 0.6454 0.6606 0.7001 0.7810 0.7314 0.7017 1.0000 0.7278 0.7278 0.6714
0.7172 0.7361 0.7004 0.6900 0.6564 0.7446 0.6769 0.6808 0.6574 0.7566 0.6250 0.6329 0.7292 0.7038 0.6859 0.6786 0.7278 1.0000 1.0000 0.7108
0.7172 0.7361 0.7004 0.6900 0.6564 0.7446 0.6769 0.6808 0.6574 0.7566 0.6250 0.6329 0.7292 0.7038 0.6859 0.6786 0.7278 1.0000 1.0000 0.7108
0.6525 0.7177 0.6516 0.6195 0.6345 0.6514 0.6413 0.6304 0.6483 0.7303 0.6432 0.6035 0.6878 0.6422 0.6414 0.6278 0.6714 0.7108 0.7108 1.0000
