10 -2185823.098664
10 -2185823.098664
10 -2185165.856962
10 -2185342.725697
10 -2186302.805321
10 -2185878.445672
10 -2185878.445672
10 -2185754.105484
10 -2185754.105484
10 -2185076.568065
10 -2186131.302094
10 -2185345.643632
10 -2186131.302094
10 -2186131.302094
10 -2186131.302094
10 -2185077.806294
10 -2185047.577664
10 -2185258.126237
10 -2185258.126237
10 -2185168.546386
11 -2178526.024559
11 -2178526.024559
11 -2178435.847047
11 -2178332.042477
11 -2178974.943062
11 -2178966.656692
11 -2178966.656692
11 -2178326.71036
11 -2178326.71036
11 -2178492.137058
11 -2178429.583642
11 -2178318.157309
11 -2178429.583642
11 -2178429.583642
11 -2178429.583642
11 -2178539.63972
11 -2178802.59195
11 -2178360.941281
11 -2178454.454045
11 -2178454.454045
1 -2302398.135571
1 -2302398.135572
1 -2302398.135572
1 -2302398.135571
1 -2302398.135572
1 -2302398.135572
1 -2302398.135571
1 -2302398.135572
1 -2302398.135571
1 -2302398.135571
1 -2302398.135571
1 -2302398.135571
1 -2302398.135571
1 -2302398.135571
1 -2302398.135571
1 -2302398.135571
1 -2302398.135572
1 -2302398.135571
1 -2302398.135568
1 -2302398.135571
2 -2271061.310075
2 -2271061.330176
2 -2271061.273762
2 -2271061.304344
2 -2271061.343729
2 -2271061.312337
2 -2271061.283951
2 -2271061.307944
2 -2271061.345563
2 -2271061.345563
2 -2271061.315375
2 -2271061.276446
2 -2271061.315375
2 -2271061.315375
2 -2271061.315375
2 -2271061.315375
2 -2271061.28579
2 -2271061.32371
2 -2271061.349641
2 -2271061.310075
3 -2251713.062326
3 -2251713.51132
3 -2251713.061024
3 -2251713.014938
3 -2251713.408678
3 -2251713.024573
3 -2251713.02091
3 -2251713.510433
3 -2251713.5418
3 -2251713.06931
3 -2251713.038722
3 -2251713.404895
3 -2251713.01923
3 -2251713.01923
3 -2251713.01923
3 -2251713.01923
3 -2251714.788141
3 -2251713.50571
3 -2251713.018266
3 -2251713.062326
4 -2239898.525814
4 -2238087.832984
4 -2238090.332035
4 -2238088.440651
4 -2238087.97767
4 -2238090.949048
4 -2238088.421572
4 -2238091.523529
4 -2238087.821559
4 -2238087.815705
4 -2238087.848852
4 -2238087.855995
4 -2238087.848852
4 -2238087.848852
4 -2238087.848852
4 -2238087.848852
4 -2238087.797932
4 -2238088.377577
4 -2238090.152186
4 -2238088.064101
5 -2228962.117602
5 -2227237.042583
5 -2227198.699822
5 -2227237.028963
5 -2228454.216853
5 -2227198.577095
5 -2227380.225517
5 -2227198.605936
5 -2227199.30684
5 -2227198.562477
5 -2227237.115555
5 -2227501.779415
5 -2227237.115555
5 -2227237.115555
5 -2227237.115555
5 -2227237.115555
5 -2227198.617726
5 -2227236.984134
5 -2227382.48918
5 -2227237.298576
6 -2218393.443959
6 -2218038.350353
6 -2216862.154117
6 -2216862.154117
6 -2218886.406495
6 -2216699.491004
6 -2216693.007046
6 -2216693.143728
6 -2216862.124153
6 -2216862.111913
6 -2218036.907229
6 -2218005.427938
6 -2218036.907229
6 -2218036.907229
6 -2218036.907229
6 -2218036.907229
6 -2216692.956797
6 -2216862.095521
6 -2218502.249554
6 -2218388.636805
7 -2208286.653018
7 -2208378.36298
7 -2208239.94931
7 -2208239.94931
7 -2208565.303274
7 -2208285.467666
7 -2208285.614448
7 -2208285.861193
7 -2208555.319569
7 -2209037.601964
7 -2208385.642197
7 -2208425.602279
7 -2208385.642197
7 -2208385.642197
7 -2208385.642197
7 -2208385.642197
7 -2208552.714366
7 -2208326.520447
7 -2208510.839243
7 -2208574.316105
8 -2200385.267357
8 -2200387.335377
8 -2200400.891828
8 -2200400.891828
8 -2200391.152052
8 -2200692.751337
8 -2200692.751337
8 -2201316.559814
8 -2200026.459655
8 -2200781.684912
8 -2200420.049944
8 -2200317.909857
8 -2200649.955895
8 -2200649.955895
8 -2200649.955895
8 -2200649.955895
8 -2200275.031448
8 -2200885.60241
8 -2200399.175574
8 -2200767.853448
9 -2193032.795511
9 -2193032.795511
9 -2193960.401101
9 -2193960.401101
9 -2192723.715654
9 -2192802.774153
9 -2192802.774153
9 -2192931.124692
9 -2193570.16811
9 -2192477.242285
9 -2192329.466559
9 -2193113.654758
9 -2192329.466559
9 -2192329.466559
9 -2192329.466559
9 -2193237.15148
9 -2192765.296478
9 -2192921.908451
9 -2192300.175249
9 -2192751.191949
