1 0
2 0.5565
3 0.5124
4 0.1979
5 0.1704
6 0.6649
7 0.7499
8 0
9 0.4634
10 0.5626
11 0.2799
12 0.3394
13 0.0994
14 0.0962
15 0.5605
16 0
17 0
18 0.0355
19 0.3435
20 0
21 0.2716
22 0.0906
23 0
24 0
25 0
26 0
27 0.4408
28 0.2758
29 0
30 0
31 0
32 0
33 0.4665
34 0.3276
35 0.2474
36 0
37 0
38 0
39 0
40 0
41 0
42 0.8863
43 0
44 0
45 0
46 0
47 0.1118
48 0.1162
49 0
50 0
51 0
52 0
53 0
54 0.3874
55 0.0529
56 0.1407
57 0.5516
58 0
59 0.2355
60 0.3023
61 0
62 0.1963
63 0
64 0
65 0
66 0
67 0.1062
68 0
69 0.7872
70 0.5644
71 0
