10 -9156687.940408
10 -9154359.488112
10 -9156311.964771
10 -9153859.796939
10 -9156203.9167
10 -9153884.947021
10 -9156247.98974
10 -9154063.223379
10 -9156141.811558
10 -9154049.317203
10 -9156564.565861
10 -9156219.259859
10 -9155653.739531
10 -9156572.738006
10 -9156394.285062
10 -9156247.778629
10 -9156247.778629
10 -9154452.660433
10 -9154048.537546
10 -9154370.499885
1 -9773677.934658
1 -9773677.934658
1 -9773677.934658
1 -9773677.934658
1 -9773677.934658
1 -9773677.934658
1 -9773677.934658
1 -9773677.934658
1 -9773677.934658
1 -9773677.934658
1 -9773677.934658
1 -9773677.934658
1 -9773677.934658
1 -9773677.934658
1 -9773677.934658
1 -9773677.934658
1 -9773677.934658
1 -9773677.934658
1 -9773677.934658
1 -9773677.934658
2 -9533123.979179
2 -9533127.963316
2 -9533127.886656
2 -9533127.959448
2 -9533123.978143
2 -9533127.960037
2 -9533123.980857
2 -9533127.951736
2 -9533123.977558
2 -9533125.556914
2 -9533127.889153
2 -9533127.828481
2 -9533123.98022
2 -9533123.976931
2 -9533127.907729
2 -9533123.980515
2 -9533127.889741
2 -9533127.889741
2 -9533127.933694
2 -9533123.980162
3 -9447765.379559
3 -9447766.069622
3 -9447765.981005
3 -9447765.486954
3 -9447766.060645
3 -9447766.036523
3 -9447765.403565
3 -9447765.87382
3 -9447766.178879
3 -9447765.407678
3 -9447765.400276
3 -9447765.889905
3 -9447765.822531
3 -9447765.404372
3 -9447765.434186
3 -9447766.014754
3 -9447765.59517
3 -9447765.59517
3 -9447765.713663
3 -9447767.059867
4 -9383343.118774
4 -9383343.198494
4 -9383343.223984
4 -9383344.79898
4 -9383344.767621
4 -9383343.786412
4 -9383343.358934
4 -9383343.828563
4 -9383343.320051
4 -9383343.171881
4 -9383345.190105
4 -9383343.104002
4 -9383343.555162
4 -9383343.157804
4 -9383343.151416
4 -9383343.219316
4 -9383345.064043
4 -9383343.118571
4 -9383345.059955
4 -9383344.990395
5 -9328324.226326
5 -9328323.283141
5 -9340743.607309
5 -9339978.498841
5 -9339972.226251
5 -9340743.049966
5 -9339974.258338
5 -9328323.493207
5 -9339971.840188
5 -9339972.312183
5 -9342011.70846
5 -9341206.134981
5 -9339973.71996
5 -9340742.651259
5 -9341206.915749
5 -9339974.382585
5 -9341208.357275
5 -9340742.876059
5 -9339975.067974
5 -9328323.49092
6 -9290178.193259
6 -9300404.955571
6 -9287805.254895
6 -9287263.456611
6 -9287642.902773
6 -9287804.67204
6 -9300257.848586
6 -9300530.229868
6 -9300529.855385
6 -9287656.280123
6 -9287656.047128
6 -9300410.787378
6 -9287807.02078
6 -9287656.150397
6 -9300529.924365
6 -9300255.439713
6 -9300255.439713
6 -9288733.408114
6 -9299549.764521
6 -9287655.467851
7 -9251703.036666
7 -9250588.064119
7 -9251703.130712
7 -9247699.859238
7 -9247699.482211
7 -9247700.291263
7 -9247706.878345
7 -9251706.246546
7 -9248999.644856
7 -9247700.43437
7 -9248997.449172
7 -9247712.972213
7 -9247701.841541
7 -9251703.303026
7 -9247702.903787
7 -9249006.347721
7 -9249006.347721
7 -9247700.527339
7 -9248996.730585
7 -9247698.464078
8 -9211043.52525
8 -9213248.33973
8 -9213248.33973
8 -9213198.327248
8 -9211042.040169
8 -9211059.619878
8 -9211049.576449
8 -9211042.319794
8 -9211043.913117
8 -9211043.64882
8 -9213198.579517
8 -9213198.589938
8 -9213199.637789
8 -9211042.481711
8 -9213198.525423
8 -9211044.824191
8 -9211044.824191
8 -9213199.8736
8 -9213201.32636
8 -9211063.999991
9 -9182889.303655
9 -9181601.215603
9 -9181601.215603
9 -9183592.84177
9 -9184293.453626
9 -9181569.592274
9 -9181656.520198
9 -9184231.64851
9 -9184885.477828
9 -9181568.989037
9 -9183053.977166
9 -9185713.989445
9 -9181566.176313
9 -9181597.014435
9 -9181575.80577
9 -9181569.038835
9 -9181569.038835
9 -9181745.774682
9 -9181713.925173
9 -9181572.760094
