10 -9002992.152317
10 -9003223.774872
10 -9001395.560583
10 -9001082.690725
10 -9003002.405306
10 -9003211.992599
10 -9003215.316527
10 -9002670.459061
10 -9001390.377614
10 -9002885.80482
10 -9001747.290224
10 -9001244.656571
10 -9001393.519882
10 -9001581.622505
10 -9003549.142024
10 -9003172.816945
10 -9002985.55921
10 -9002897.589946
10 -9003035.348166
10 -9001907.062052
11 -8975734.232363
11 -8975630.897916
11 -8979410.348975
11 -8977150.026261
11 -8975508.278352
11 -8978992.344836
11 -8976527.714884
11 -8978577.16898
11 -8977584.434405
11 -8977516.651748
11 -8976932.63349
11 -8977174.035672
11 -8976815.304668
11 -8977524.111283
11 -8976934.384687
11 -8978613.424182
11 -8976193.915408
11 -8976614.53306
11 -8977169.107588
11 -8977955.720523
12 -8951453.601925
12 -8951472.052107
12 -8952124.902234
12 -8954097.63838
12 -8953898.246621
12 -8953312.985264
12 -8952632.925131
12 -8953248.224099
12 -8953339.874249
12 -8951385.711086
12 -8952011.463583
12 -8954797.092545
12 -8953487.761125
12 -8952640.23808
12 -8954444.684685
12 -8952277.359363
12 -8951650.656951
12 -8954616.654252
12 -8953682.630437
12 -8952453.069607
13 -8928177.046649
13 -8928314.894455
13 -8928761.795456
13 -8929979.325608
13 -8931496.747641
13 -8929697.873848
13 -8931284.995256
13 -8929048.525405
13 -8928336.715753
13 -8929267.683135
13 -8928756.526204
13 -8928622.76527
13 -8927704.509921
13 -8930283.829372
13 -8929526.616593
13 -8932540.446903
13 -8929607.725269
13 -8931093.368567
13 -8931397.816199
13 -8929003.287924
14 -8906200.769963
14 -8907100.5721
14 -8906419.696126
14 -8906667.734815
14 -8906857.070616
14 -8907466.710758
14 -8911193.091784
14 -8906657.363075
14 -8906616.68962
14 -8907285.924857
14 -8904388.429741
14 -8905815.719655
14 -8910416.014462
14 -8904454.551579
14 -8907474.424063
14 -8907724.801996
14 -8910566.187646
14 -8906865.167319
14 -8907212.287816
14 -8907619.341513
15 -8888330.280201
15 -8885814.427631
15 -8886889.043118
15 -8885487.340776
15 -8888842.506839
15 -8887077.414285
15 -8888707.652158
15 -8885940.047875
15 -8884330.766354
15 -8884515.259484
15 -8886685.749182
15 -8885169.526027
15 -8884884.232069
15 -8884326.650209
15 -8887725.10933
15 -8887080.411532
15 -8884884.757129
15 -8885922.979659
15 -8885249.58106
15 -8884779.930933
1 -9616602.139878
1 -9616602.139878
1 -9616602.139878
1 -9616602.139878
1 -9616602.139878
1 -9616602.139878
1 -9616602.139878
1 -9616602.139878
1 -9616602.139878
1 -9616602.139878
1 -9616602.139878
1 -9616602.139878
1 -9616602.139878
1 -9616602.139878
1 -9616602.139878
1 -9616602.139878
1 -9616602.139878
1 -9616602.139878
1 -9616602.139878
1 -9616602.139878
2 -9375841.49725
2 -9375835.971502
2 -9375835.977089
2 -9375835.958997
2 -9375835.967743
2 -9375837.845433
2 -9375835.965189
2 -9375837.881153
2 -9375841.356927
2 -9375835.939655
2 -9375835.942423
2 -9375841.509226
2 -9375841.302422
2 -9375841.380965
2 -9375835.966374
2 -9375841.490712
2 -9375841.443356
2 -9375841.461224
2 -9375835.985128
2 -9375835.966443
3 -9291476.448354
3 -9291476.474523
3 -9291476.831569
3 -9291476.443317
3 -9291476.455637
3 -9291476.415878
3 -9291476.493416
3 -9291476.994803
3 -9291476.482638
3 -9291476.483028
3 -9291476.440628
3 -9291476.491784
3 -9291476.490303
3 -9291476.440703
3 -9291476.430094
3 -9291476.434931
3 -9291476.346921
3 -9291476.466969
3 -9291476.547761
3 -9291476.475043
4 -9227731.391624
4 -9227729.813215
4 -9227730.302208
4 -9227730.350471
4 -9227731.624423
4 -9227731.453224
4 -9227729.8113
4 -9227730.407803
4 -9227729.8364
4 -9227732.439888
4 -9227731.030895
4 -9227729.700097
4 -9227729.809691
4 -9227731.462961
4 -9227731.480974
4 -9227729.72169
4 -9227729.862609
4 -9227730.401242
4 -9227731.431156
4 -9227729.870508
5 -9184616.146129
5 -9172552.245684
5 -9185647.047108
5 -9185652.536807
5 -9185646.025651
5 -9185646.462733
5 -9185648.252266
5 -9185646.247782
5 -9187156.155147
5 -9185681.498064
5 -9185649.891449
5 -9172551.73621
5 -9172551.679801
5 -9185647.102442
5 -9184614.426091
5 -9184616.531576
5 -9172552.504314
5 -9184616.041486
5 -9172551.894835
5 -9185646.456073
6 -9134987.858555
6 -9132479.63311
6 -9132326.25773
6 -9132478.12769
6 -9145593.514275
6 -9132478.093109
6 -9145926.299962
6 -9132152.717582
6 -9145594.003111
6 -9133690.389353
6 -9132479.522018
6 -9132479.863313
6 -9132452.791519
6 -9145593.537763
6 -9132479.494816
6 -9132477.936365
6 -9132452.656799
6 -9132479.512152
6 -9132453.673083
6 -9132479.901519
7 -9094389.971169
7 -9093040.831305
7 -9094389.734885
7 -9093040.18646
7 -9093038.895662
7 -9095745.9114
7 -9093040.411111
7 -9115947.037027
7 -9095747.370892
7 -9093041.356775
7 -9093040.265003
7 -9093041.266878
7 -9093040.377785
7 -9093040.173053
7 -9094390.943146
7 -9093040.988196
7 -9093041.141245
7 -9093039.495584
7 -9097162.821257
7 -9093039.384247
8 -9056901.361602
8 -9057152.366154
8 -9056883.303709
8 -9056883.303709
8 -9056870.662162
8 -9059275.258846
8 -9056870.420984
8 -9059275.100366
8 -9056870.83449
8 -9059273.490142
8 -9056872.118598
8 -9059275.584009
8 -9056885.874026
8 -9059276.493578
8 -9059277.894212
8 -9056871.920664
8 -9056871.491187
8 -9056871.777931
8 -9056871.305985
8 -9059278.344989
9 -9028043.442262
9 -9029453.96782
9 -9030716.797985
9 -9029323.278088
9 -9029407.45522
9 -9030120.609846
9 -9029332.623569
9 -9029467.450077
9 -9030194.798077
9 -9029904.940609
9 -9028088.914644
9 -9028150.814166
9 -9028047.316375
9 -9028042.610911
9 -9028044.739728
9 -9028041.902978
9 -9028043.096592
9 -9030234.865916
9 -9028154.546076
9 -9028043.884879