-------------------------------------------------------------------------------
 L       Percentage of nodes in the largest component
 D       Percentage of nodes in components of size at most 3 [-div option]
 R       Percentage of nodes not in L or D: 100 - L -D
 S       Percentage of nodes that are singletons
 E       Fraction of edges retained (input graph has 380)
 cce     Expected size of component, nodewise [ sum(sz^2) / sum^2(sz) ]
 EW      Edge weight traits (mean, median and IQR)
 ND      Node degree traits [mean, median and IQR]
 CCF     Clustering coefficient (scale 1-100)
 eff     Induced component efficiency relative to start graph (scale 1-1000)
Total number of nodes: 20
----------------------------------------------------------------------------------------------
  L   D   R   S     E     cce  EWmean   EWmed   EWiqr  NDmean   NDmed  NDiqr CCF  eff  Cutoff 
----------------------------------------------------------------------------------------------
100   0   0   0 1.000      20    0.75    0.74    0.06    19.0    19.5    0.5   -    -     0.50
100   0   0   0 1.000      20    0.75    0.74    0.06    19.0    19.5    0.5   -    -     0.51
100   0   0   0 1.000      20    0.75    0.74    0.06    19.0    19.5    0.5   -    -     0.52
100   0   0   0 1.000      20    0.75    0.74    0.06    19.0    19.5    0.5   -    -     0.53
100   0   0   0 1.000      20    0.75    0.74    0.06    19.0    19.5    0.5   -    -     0.54
100   0   0   0 1.000      20    0.75    0.74    0.06    19.0    19.5    0.5   -    -     0.55
100   0   0   0 1.000      20    0.75    0.74    0.06    19.0    19.5    0.5   -    -     0.56
100   0   0   0 1.000      20    0.75    0.74    0.06    19.0    19.5    0.5   -    -     0.57
100   0   0   0 1.000      20    0.75    0.74    0.06    19.0    19.5    0.5   -    -     0.58
100   0   0   0 1.000      20    0.75    0.74    0.06    19.0    19.5    0.5   -    -     0.59
100   0   0   0 1.000      20    0.75    0.74    0.06    19.0    19.5    0.5   -    -     0.60
100   0   0   0 1.000      20    0.75    0.74    0.06    19.0    19.5    0.5   -    -     0.61
100   0   0   0 1.000      20    0.75    0.74    0.06    19.0    19.5    0.5   -    -     0.62
100   0   0   0 1.000      20    0.75    0.74    0.06    19.0    19.5    0.5   -    -     0.63
100   0   0   0 0.995      20    0.75    0.74    0.06    18.9    19.5    0.5   -    -     0.64
100   0   0   0 0.979      20    0.75    0.74    0.06    18.6    19.5    0.5   -    -     0.65
100   0   0   0 0.963      20    0.75    0.74    0.06    18.3    19.5    1.5   -    -     0.66
100   0   0   0 0.921      20    0.76    0.74    0.06    17.5    18.5    2.5   -    -     0.67
100   0   0   0 0.874      20    0.76    0.75    0.05    16.6    17.5    2.5   -    -     0.68
100   0   0   0 0.826      20    0.76    0.75    0.05    15.7    15.5    3.5   -    -     0.69
100   0   0   0 0.784      20    0.77    0.76    0.06    14.9    14.5    4.5   -    -     0.70
100   0   0   0 0.684      20    0.78    0.76    0.05    13.0    12.5    3.5   -    -     0.71
100   0   0   0 0.605      20    0.79    0.76    0.04    11.5    12.5    3.5   -    -     0.72
100   0   0   0 0.521      20    0.80    0.77    0.04     9.9    11.5    5.5   -    -     0.73
100   0   0   0 0.484      20    0.80    0.77    0.04     9.2    10.5    5.5   -    -     0.74
100   0   0   0 0.442      20    0.81    0.77    0.04     8.4     9.5    6.5   -    -     0.75
100   0   0   0 0.353      20    0.82    0.78    0.07     6.7     7.5    7.5   -    -     0.76
100   0   0   0 0.221      20    0.85    0.81    0.12     4.2     4.5    2.5   -    -     0.77
 75   0  25   0 0.195      13    0.86    0.82    0.19     3.7     3.5    2.5   -    -     0.78
 45   5  50   5 0.153       7    0.88    0.86    0.18     2.9     3.5    1.5   -    -     0.79
 25  30  45  15 0.132       4    0.90    0.88    0.16     2.5     3.5    3.5   -    -     0.80
 25  35  40  25 0.111       3    0.92    0.91    0.14     2.1     2.5    2.5   -    -     0.81
 25  55  20  30 0.100       3    0.93    0.98    0.12     1.9     2.5    3.5   -    -     0.82
 25  55  20  30 0.095       3    0.93    0.98    0.12     1.8     2.5    3.5   -    -     0.83
 25  55  20  30 0.089       3    0.94    0.98    0.11     1.7     1.5    3.5   -    -     0.84
 25  55  20  35 0.079       3    0.95    0.98    0.09     1.5     1.5    2.5   -    -     0.85
 25  55  20  35 0.079       3    0.95    0.98    0.09     1.5     1.5    2.5   -    -     0.86
 25  75   0  35 0.074       2    0.96    0.98    0.08     1.4     1.5    1.5   -    -     0.87
 25  75   0  55 0.063       2    0.97    0.99    0.00     1.2     0.5    1.5   -    -     0.88
 25  75   0  65 0.058       2    0.98    0.99    0.01     1.1     0.5    1.5   -    -     0.89
 25  75   0  65 0.058       2    0.98    0.99    0.01     1.1     0.5    1.5   -    -     0.90
 25  75   0  75 0.053       2    0.99    0.99    0.01     1.0     0.5    0.5   -    -     0.91
 25  75   0  75 0.053       2    0.99    0.99    0.01     1.0     0.5    0.5   -    -     0.92
 25  75   0  75 0.053       2    0.99    0.99    0.01     1.0     0.5    0.5   -    -     0.93
 25  75   0  75 0.053       2    0.99    0.99    0.01     1.0     0.5    0.5   -    -     0.94
 25  75   0  75 0.053       2    0.99    0.99    0.01     1.0     0.5    0.5   -    -     0.95
 25  75   0  75 0.053       2    0.99    0.99    0.01     1.0     0.5    0.5   -    -     0.96
 25  75   0  75 0.053       2    0.99    0.99    0.01     1.0     0.5    0.5   -    -     0.97
 25  75   0  75 0.053       2    0.99    0.99    0.01     1.0     0.5    0.5   -    -     0.98
  0 100   0  75 0.016       1    0.99    0.99    0.00     0.3     0.5    0.5   -    -     0.99
---------------------------------------------------------------------------------------------
