-------------------------------------------------------------------------------
 L       Percentage of nodes in the largest component
 D       Percentage of nodes in components of size at most 3 [-div option]
 R       Percentage of nodes not in L or D: 100 - L -D
 S       Percentage of nodes that are singletons
 E       Fraction of edges retained (input graph has 380)
 cce     Expected size of component, nodewise [ sum(sz^2) / sum^2(sz) ]
 EW      Edge weight traits (mean, median and IQR)
 ND      Node degree traits [mean, median and IQR]
 CCF     Clustering coefficient (scale 1-100)
 eff     Induced component efficiency relative to start graph (scale 1-1000)
Total number of nodes: 20
----------------------------------------------------------------------------------------------
  L   D   R   S     E     cce  EWmean   EWmed   EWiqr  NDmean   NDmed  NDiqr CCF  eff  Cutoff 
----------------------------------------------------------------------------------------------
100   0   0   0 1.000      20    0.80    0.72    0.36    19.0    19.5    0.5   -    -     0.50
100   0   0   0 1.000      20    0.80    0.72    0.36    19.0    19.5    0.5   -    -     0.51
100   0   0   0 1.000      20    0.80    0.72    0.36    19.0    19.5    0.5   -    -     0.52
100   0   0   0 1.000      20    0.80    0.72    0.36    19.0    19.5    0.5   -    -     0.53
100   0   0   0 1.000      20    0.80    0.72    0.36    19.0    19.5    0.5   -    -     0.54
100   0   0   0 1.000      20    0.80    0.72    0.36    19.0    19.5    0.5   -    -     0.55
100   0   0   0 1.000      20    0.80    0.72    0.36    19.0    19.5    0.5   -    -     0.56
100   0   0   0 1.000      20    0.80    0.72    0.36    19.0    19.5    0.5   -    -     0.57
100   0   0   0 1.000      20    0.80    0.72    0.36    19.0    19.5    0.5   -    -     0.58
100   0   0   0 1.000      20    0.80    0.72    0.36    19.0    19.5    0.5   -    -     0.59
100   0   0   0 1.000      20    0.80    0.72    0.36    19.0    19.5    0.5   -    -     0.60
100   0   0   0 1.000      20    0.80    0.72    0.36    19.0    19.5    0.5   -    -     0.61
100   0   0   0 1.000      20    0.80    0.72    0.36    19.0    19.5    0.5   -    -     0.62
100   0   0   0 0.811      20    0.84    0.74    0.28    15.4    16.5    0.5   -    -     0.63
100   0   0   0 0.811      20    0.84    0.74    0.28    15.4    16.5    0.5   -    -     0.64
100   0   0   0 0.684      20    0.87    0.99    0.28    13.0    14.5    0.5   -    -     0.65
100   0   0   0 0.684      20    0.87    0.99    0.28    13.0    14.5    0.5   -    -     0.66
100   0   0   0 0.684      20    0.87    0.99    0.28    13.0    14.5    0.5   -    -     0.67
100   0   0   0 0.684      20    0.87    0.99    0.28    13.0    14.5    0.5   -    -     0.68
100   0   0   0 0.684      20    0.87    0.99    0.28    13.0    14.5    0.5   -    -     0.69
100   0   0   0 0.637      20    0.89    0.99    0.28    12.1    14.5    0.5   -    -     0.70
100   0   0   0 0.637      20    0.89    0.99    0.28    12.1    14.5    0.5   -    -     0.71
 75   0  25   0 0.579      13    0.91    1.00    0.28    11.0    13.5    3.5   -    -     0.72
 60  15  25   0 0.416       9    0.98    1.00    0.00     7.9    11.5    7.5   -    -     0.73
 60  40   0   0 0.384       8    1.00    1.00    0.00     7.3    11.5    9.5   -    -     0.74
 60  40   0   0 0.384       8    1.00    1.00    0.00     7.3    11.5    9.5   -    -     0.75
 60  40   0   0 0.384       8    1.00    1.00    0.00     7.3    11.5    9.5   -    -     0.76
 60  40   0   0 0.384       8    1.00    1.00    0.00     7.3    11.5    9.5   -    -     0.77
 60  40   0   0 0.384       8    1.00    1.00    0.00     7.3    11.5    9.5   -    -     0.78
 60  40   0   0 0.384       8    1.00    1.00    0.00     7.3    11.5    9.5   -    -     0.79
 60  40   0   0 0.384       8    1.00    1.00    0.00     7.3    11.5    9.5   -    -     0.80
 60  40   0   0 0.384       8    1.00    1.00    0.00     7.3    11.5    9.5   -    -     0.81
 60  40   0   0 0.384       8    1.00    1.00    0.00     7.3    11.5    9.5   -    -     0.82
 60  40   0   0 0.384       8    1.00    1.00    0.00     7.3    11.5    9.5   -    -     0.83
 60  40   0   0 0.384       8    1.00    1.00    0.00     7.3    11.5    9.5   -    -     0.84
 60  40   0   0 0.384       8    1.00    1.00    0.00     7.3    11.5    9.5   -    -     0.85
 60  40   0   0 0.384       8    1.00    1.00    0.00     7.3    11.5    9.5   -    -     0.86
 60  40   0   0 0.384       8    1.00    1.00    0.00     7.3    11.5    9.5   -    -     0.87
 60  40   0   0 0.384       8    1.00    1.00    0.00     7.3    11.5    9.5   -    -     0.88
 60  40   0   0 0.384       8    1.00    1.00    0.00     7.3    11.5    9.5   -    -     0.89
 60  40   0   0 0.384       8    1.00    1.00    0.00     7.3    11.5    9.5   -    -     0.90
 60  40   0   0 0.384       8    1.00    1.00    0.00     7.3    11.5    9.5   -    -     0.91
 60  40   0   0 0.384       8    1.00    1.00    0.00     7.3    11.5    9.5   -    -     0.92
 60  40   0   0 0.384       8    1.00    1.00    0.00     7.3    11.5    9.5   -    -     0.93
 60  40   0   0 0.384       8    1.00    1.00    0.00     7.3    11.5    9.5   -    -     0.94
 60  40   0   0 0.384       8    1.00    1.00    0.00     7.3    11.5    9.5   -    -     0.95
 60  40   0   0 0.384       8    1.00    1.00    0.00     7.3    11.5    9.5   -    -     0.96
 60  40   0   0 0.384       8    1.00    1.00    0.00     7.3    11.5    9.5   -    -     0.97
 60  40   0   0 0.384       8    1.00    1.00    0.00     7.3    11.5    9.5   -    -     0.98
 60  40   0   0 0.384       8    1.00    1.00    0.00     7.3    11.5    9.5   -    -     0.99
---------------------------------------------------------------------------------------------
