1.0000	0.9976	0.9958	0.9958	0.9959	0.9984	0.9973	0.9957	0.9893	0.9951	0.9982	0.9970	0.9984	0.9958	0.9959	0.9987	0.9957	0.9989	0.9979	0.9979
0.9976	1.0000	0.9964	0.9964	0.9964	0.9984	0.9978	0.9961	0.9899	0.9959	0.9984	0.9975	0.9982	0.9962	0.9963	0.9972	0.9962	0.9976	0.9969	0.9985
0.9958	0.9964	1.0000	1.0000	0.9994	0.9963	0.9982	0.9990	0.9917	0.9980	0.9969	0.9961	0.9963	0.9992	0.9992	0.9955	0.9988	0.9958	0.9958	0.9971
0.9958	0.9964	1.0000	1.0000	0.9994	0.9963	0.9982	0.9990	0.9917	0.9980	0.9969	0.9961	0.9963	0.9992	0.9992	0.9955	0.9988	0.9958	0.9958	0.9971
0.9959	0.9964	0.9994	0.9994	1.0000	0.9963	0.9983	0.9991	0.9917	0.9979	0.9969	0.9959	0.9963	0.9996	0.9997	0.9956	0.9986	0.9959	0.9959	0.9972
0.9984	0.9984	0.9963	0.9963	0.9963	1.0000	0.9979	0.9960	0.9895	0.9955	0.9994	0.9979	0.9992	0.9961	0.9962	0.9979	0.9962	0.9984	0.9975	0.9988
0.9973	0.9978	0.9982	0.9982	0.9983	0.9979	1.0000	0.9979	0.9910	0.9972	0.9985	0.9971	0.9978	0.9982	0.9983	0.9969	0.9978	0.9973	0.9969	0.9987
0.9957	0.9961	0.9990	0.9990	0.9991	0.9960	0.9979	1.0000	0.9919	0.9979	0.9966	0.9956	0.9960	0.9992	0.9990	0.9954	0.9984	0.9956	0.9957	0.9969
0.9893	0.9899	0.9917	0.9917	0.9917	0.9895	0.9910	0.9919	1.0000	0.9921	0.9899	0.9899	0.9896	0.9920	0.9918	0.9891	0.9916	0.9893	0.9894	0.9903
0.9951	0.9959	0.9980	0.9980	0.9979	0.9955	0.9972	0.9979	0.9921	1.0000	0.9961	0.9953	0.9955	0.9980	0.9979	0.9948	0.9976	0.9951	0.9951	0.9966
0.9982	0.9984	0.9969	0.9969	0.9969	0.9994	0.9985	0.9966	0.9899	0.9961	1.0000	0.9978	0.9990	0.9967	0.9968	0.9978	0.9967	0.9983	0.9975	0.9992
0.9970	0.9975	0.9961	0.9961	0.9959	0.9979	0.9971	0.9956	0.9899	0.9953	0.9978	1.0000	0.9980	0.9957	0.9958	0.9967	0.9962	0.9971	0.9965	0.9978
0.9984	0.9982	0.9963	0.9963	0.9963	0.9992	0.9978	0.9960	0.9896	0.9955	0.9990	0.9980	1.0000	0.9961	0.9962	0.9978	0.9963	0.9983	0.9975	0.9987
0.9958	0.9962	0.9992	0.9992	0.9996	0.9961	0.9982	0.9992	0.9920	0.9980	0.9967	0.9957	0.9961	1.0000	0.9996	0.9955	0.9985	0.9958	0.9958	0.9970
0.9959	0.9963	0.9992	0.9992	0.9997	0.9962	0.9983	0.9990	0.9918	0.9979	0.9968	0.9958	0.9962	0.9996	1.0000	0.9956	0.9984	0.9959	0.9958	0.9970
0.9987	0.9972	0.9955	0.9955	0.9956	0.9979	0.9969	0.9954	0.9891	0.9948	0.9978	0.9967	0.9978	0.9955	0.9956	1.0000	0.9954	0.9989	0.9975	0.9974
0.9957	0.9962	0.9988	0.9988	0.9986	0.9962	0.9978	0.9984	0.9916	0.9976	0.9967	0.9962	0.9963	0.9985	0.9984	0.9954	1.0000	0.9957	0.9957	0.9970
0.9989	0.9976	0.9958	0.9958	0.9959	0.9984	0.9973	0.9956	0.9893	0.9951	0.9983	0.9971	0.9983	0.9958	0.9959	0.9989	0.9957	1.0000	0.9977	0.9979
0.9979	0.9969	0.9958	0.9958	0.9959	0.9975	0.9969	0.9957	0.9894	0.9951	0.9975	0.9965	0.9975	0.9958	0.9958	0.9975	0.9957	0.9977	1.0000	0.9973
0.9979	0.9985	0.9971	0.9971	0.9972	0.9988	0.9987	0.9969	0.9903	0.9966	0.9992	0.9978	0.9987	0.9970	0.9970	0.9974	0.9970	0.9979	0.9973	1.0000
