1 1 (0) 1 : 0.00000000099999999996 0.00000000099999999996 0.56117713042424322012 0.43882286557575667096 0.00000000099999999996 0.00000000099999999996
2 2 (0) 1 : 0.03830158081803806264 0.50442835702400212750 0.32178101920915502809 0.04842196806132865322 0.06166797312832326267 0.02539910175915288323
3 3 (0) 1 : 0.00000000099999999997 0.07119441252429270506 0.40551206893435859380 0.24088807993364649840 0.00000000099999999997 0.28240543660770217604
4 4 (0) 1 : 0.00000000099999999997 0.00000000099999999997 0.67547195060073950135 0.00000000099999999997 0.26625799315802900491 0.05827005324123156471
5 5 (0) 1 : 0.05018346982265470269 0.33804425404783872144 0.22693526766813268414 0.35515913856809289140 0.02967786889328099392 0.00000000100000000000
6 6 (0) 2 : 0.00000000099999999993 0.00000000099999999993 0.63242486956224885919 0.00000000099999999993 0.00000000099999999993 0.36757512643775097638
7 7 (0) 1 : 0.00000000099999999996 0.27765440173726457784 0.72234559426273536875 0.00000000099999999996 0.00000000099999999996 0.00000000099999999996
8 8 (0) 3 : 0.55551503969447868503 0.00000004043566008388 0.00000000099999999996 0.44448491686986141280 0.00000000099999999996 0.00000000099999999996
9 9 (0) 4 : 0.66129746258014054927 0.00000000099999999995 0.27588060881640258382 0.00000000099999999995 0.00000000099999999995 0.06282192560345686849
10 10 (0) 4 : 0.43026435818913993936 0.41546875081987744149 0.06298649855022951660 0.09122345903078962759 0.00000000099999999999 0.00005693240996342539
11 11 (0) 4 : 0.28303205251067770076 0.00000000100000000000 0.03517080377401014118 0.37849626381556011889 0.24306071157028005802 0.06024016732947198860
12 12 (0) 4 : 0.56685210298261212714 0.00000000099999999998 0.43314789301738781946 0.00000000099999999998 0.00000000099999999998 0.00000000099999999998
13 13 (0) 4 : 0.49794630119752514297 0.33709843010015477782 0.16495526570231994201 0.00000000099999999998 0.00000000099999999998 0.00000000099999999998
14 14 (0) 5 : 0.24600502021299103239 0.35137433550984054076 0.04669404849359867771 0.27753562143196219836 0.00970755463007771588 0.06868341972152983144
15 15 (0) 4 : 0.46719000306273594791 0.00000000099999999999 0.00000000099999999999 0.41266341478174106694 0.00232127637909340830 0.11782530377642952413
16 16 (0) 5 : 0.43920943724383698648 0.37917005918727847424 0.15259848807107581625 0.02843697431295001687 0.00058504018485874658 0.00000000100000000000
17 17 (0) 5 : 0.61580554239773899194 0.38419445360226101016 0.00000000099999999998 0.00000000099999999998 0.00000000099999999998 0.00000000099999999998
18 18 (0) 5 : 0.61880252170977168014 0.00000000099999999992 0.00000000099999999992 0.20667249255495026561 0.00000000099999999992 0.17452498273527827788
19 19 (0) 5 : 0.76249350247615443887 0.23750649352384570201 0.00000000099999999995 0.00000000099999999995 0.00000000099999999995 0.00000000099999999995
20 20 (0) 5 : 0.20517941468418157691 0.00000000099999999997 0.00000000099999999997 0.50498229402223260287 0.28983828829358587731 0.00000000099999999997
21 21 (0) 5 : 0.61682436445194122054 0.00000000099999999992 0.00000000099999999992 0.38317563154805894809 0.00000000099999999992 0.00000000099999999992
22 22 (0) 5 : 0.24077055358705742871 0.20535220455776254100 0.00000000100000000000 0.07543408456781879046 0.29603150699210706298 0.18241164929525408023
23 23 (0) 5 : 0.54520200975088428663 0.00000000099999999996 0.00000000099999999996 0.34829932917492373301 0.10649865807419192643 0.00000000099999999996
24 24 (0) 5 : 0.66919221422940167177 0.29614040424808635299 0.00000000099999999999 0.00000000099999999999 0.00000000099999999999 0.03466737852251203234
25 25 (0) 5 : 0.42107956133921792263 0.00000000099999999998 0.00000000099999999998 0.43657610321221862471 0.14234433244856331546 0.00000000099999999998
26 26 (0) 5 : 0.79328152678335195347 0.00000000456035479180 0.00000000099999999998 0.00000000099999999998 0.20671846565629331538 0.00000000099999999998
27 27 (0) 5 : 0.31109371059037049800 0.68221731800844709337 0.00000000099999999999 0.00000000099999999999 0.00668896840118235990 0.00000000099999999999
28 28 (0) 5 : 0.35310293114747937082 0.37520700261112871488 0.00000000099999999999 0.15891155216033428510 0.03458558399256613652 0.07819292908849161117
29 29 (0) 5 : 0.41488547804093078852 0.07930270521100170333 0.00000000099999999999 0.14514254693598721557 0.36066926781208014097 0.00000000099999999999
30 30 (0) 5 : 0.18801839557072613784 0.31628397945156233595 0.00000000099999999999 0.48354010261119301228 0.01215752036651854967 0.00000000099999999999
31 31 (0) 5 : 0.28828558251514069255 0.24096872487194612167 0.00000000099999999998 0.46718430550259382183 0.00356138511031916247 0.00000000099999999998
32 32 (0) 5 : 0.33285625959015169295 0.54737964738507982609 0.00000000100000000000 0.09248629844040182069 0.00000008441221752682 0.02727770917214917407
33 33 (0) 5 : 0.78428750053546258947 0.21571249546453749590 0.00000000099999999997 0.00000000099999999997 0.00000000099999999997 0.00000000099999999997
34 34 (0) 5 : 0.33863198941254840646 0.27134078438967790259 0.00000000099999999999 0.09712096488621023427 0.29290625931156349937 0.00000000099999999999
35 35 (0) 5 : 0.47704293848302797842 0.00000000099999999999 0.00570538988348617826 0.06553375534698351046 0.40872070132150922772 0.04299721396499319587
36 36 (0) 5 : 0.28200184689561968998 0.13304338195841561299 0.09153712185951590197 0.00001453392056657823 0.49340311436588213390 0.00000000100000000000
37 37 (0) 5 : 0.30363829051173024665 0.40447072485386659224 0.00000000099999999996 0.00000000099999999996 0.29189098163440319045 0.00000000099999999996
38 38 (0) 5 : 0.32877886230060537898 0.00000000099999999998 0.00000000099999999998 0.34811029671245741213 0.32311083798693712721 0.00000000099999999998
39 39 (0) 5 : 0.38017703290163601393 0.61982296309836415471 0.00000000099999999995 0.00000000099999999995 0.00000000099999999995 0.00000000099999999995
40 40 (0) 5 : 0.14968921187627040603 0.00000000099999999999 0.00000000099999999999 0.16770303764695038140 0.51685217551332474084 0.16575557296345441727
41 41 (0) 4 : 0.94663764559559515632 0.00000000099999999996 0.05336235040440496374 0.00000000099999999996 0.00000000099999999996 0.00000000099999999996
42 42 (0) 4 : 0.00000000099999999999 0.33204306907847297436 0.00000000099999999999 0.02081050398363869930 0.41286564861762736767 0.23428077632026109156
43 43 (0) 4 : 0.25363387297775447093 0.00000000099999999998 0.00000000099999999998 0.64477719878525607822 0.00000000099999999998 0.10158892523698943855
44 44 (0) 4 : 0.33983130446736725672 0.54571207916263675397 0.07807658171435147287 0.00000000099999999999 0.03633880248341224417 0.00004123117223249737
45 45 (0) 5 : 0.07273220425333681849 0.27326215103644052595 0.08375576144579745252 0.23289877753156168483 0.30038255691610066256 0.03696854881676298055
46 46 (0) 4 : 0.42371212536341046340 0.00000000099999999994 0.00000000099999999994 0.54461020481710475938 0.00000000099999999994 0.03167766681948471635
47 47 (0) 4 : 0.32981339988218444370 0.26783561917300552357 0.24774891281670638477 0.03022295695881789188 0.12437911016928568375 0.00000000099999999999
48 48 (0) 4 : 0.54106577865709171160 0.20890401275120462632 0.19074101958859548955 0.00000000099999999999 0.05928918700310827072 0.00000000099999999999
49 49 (0) 4 : 0.72111742928859634549 0.14751588529671311179 0.08217412177143089413 0.03552296224705830952 0.01366960039620132399 0.00000000099999999999
50 50 (0) 5 : 0.00857375504283355329 0.31403837617917612635 0.11767811453756223117 0.03004666886232788478 0.52966308437810005749 0.00000000100000000000
51 51 (0) 4 : 0.23838371449412651404 0.51573011134002855194 0.03231541969566543299 0.21357073642883614428 0.00000001704134345087 0.00000000099999999999
52 52 (0) 5 : 0.20726985213501755712 0.07327592246994649172 0.02896826178568012722 0.26170614925667379236 0.21510136184915321089 0.21367845250352882069
53 53 (0) 6 : 0.03570149053034115533 0.00000000099999999998 0.96429850546965889535 0.00000000099999999998 0.00000000099999999998 0.00000000099999999998
54 54 (0) 6 : 0.31394496953625489200 0.20471441229597098221 0.12683262151924706851 0.35450799464852705833 0.00000000099999999998 0.00000000099999999998
55 55 (0) 6 : 0.39495140541939494083 0.00000000099999999993 0.49559264878548359157 0.00000000099999999993 0.10945594279512155245 0.00000000099999999993
56 56 (0) 6 : 0.00000000099999999992 0.00000000099999999992 0.61540429284278186373 0.38459570315721808287 0.00000000099999999992 0.00000000099999999992
57 57 (0) 6 : 0.03068942837633308052 0.17170159001463156101 0.38376165684197077743 0.41384732276706465148 0.00000000099999999998 0.00000000099999999998
58 58 (0) 6 : 0.09001468403455403777 0.29989391742808790831 0.15410244725953231582 0.45598894927782573916 0.00000000099999999998 0.00000000099999999998
59 59 (0) 6 : 0.02105363481284723559 0.00000000099999999998 0.10814230097039916056 0.72378522383998922241 0.13951127927181561361 0.00750756010494894009
60 60 (0) 6 : 0.14758816723772449908 0.15384143833710539617 0.28224552045881456941 0.41632487196635553639 0.00000000099999999997 0.00000000099999999997
61 61 (0) 7 : 0.18336589129613617422 0.46954852741183966680 0.05631755760648386039 0.00000000099999999997 0.29076802168554027883 0.00000000099999999997
62 62 (0) 7 : 0.19402022356528766944 0.57340688231154113286 0.04062979625775515330 0.02773764230762901239 0.00000000100000000000 0.16420545455778703947
63 63 (0) 7 : 0.22933440086001047331 0.23496466718724579037 0.16564591580868118226 0.14259652159727237430 0.20464420702552177378 0.02281428752126814924
64 64 (0) 7 : 0.34109682421311871003 0.32672029344153202812 0.27209989354412283946 0.00000000099999999998 0.00816006889512261267 0.05192291890610371136
65 65 (0) 7 : 0.76478605959726497776 0.05209994394124523726 0.18311399344730330818 0.00000000099999999999 0.00000000101418659057 0.00000000099999999999
66 66 (0) 7 : 0.25423993903689617868 0.00000000099999999999 0.38193265746287863305 0.00000000099999999999 0.35499079256696552953 0.00883660893325965632
67 67 (0) 7 : 0.32274361752184649310 0.16199639676402913246 0.09502662449988233395 0.00000000099999999999 0.13100571344864797574 0.28922764676559425956
68 68 (0) 7 : 0.16031099405341464603 0.76708592259955932224 0.00564850981817891992 0.00000000099999999998 0.00000000099999999998 0.06695457152884715102
69 69 (0) 7 : 0.45653146956444551341 0.15211619797028511081 0.28394075378615146743 0.10741157667911786777 0.00000000099999999999 0.00000000099999999999
70 70 (0) 7 : 0.75991989519561664590 0.00000000099999999996 0.24008010080438352274 0.00000000099999999996 0.00000000099999999996 0.00000000099999999996
71 71 (0) 7 : 0.00000000099999999999 0.52567969202335962375 0.07115275530268194704 0.00000000099999999999 0.27756381751148578862 0.12560373316247275266
72 72 (0) 7 : 0.41742145684345444145 0.48313729321987952670 0.09944124693666613057 0.00000000099999999998 0.00000000099999999998 0.00000000099999999998
73 73 (0) 7 : 0.74788256635192584820 0.03495380114371210434 0.21716362950436199353 0.00000000099999999999 0.00000000099999999999 0.00000000099999999999
74 74 (0) 7 : 0.16545724843893486189 0.03685539701038658550 0.14661124010872805812 0.55531485860553908562 0.09576125483641129144 0.00000000099999999999
75 75 (0) 7 : 0.44899432840231789932 0.46078968705121980953 0.00000000099999999997 0.00000000099999999997 0.09021598154646234824 0.00000000099999999997
76 76 (0) 7 : 0.21536842659029284408 0.41663693365466064611 0.01776017492964392444 0.35023446282540254826 0.00000000099999999996 0.00000000099999999996
77 77 (0) 7 : 0.46274137005465199035 0.38931589848374936746 0.14794272804914843089 0.00000000099999999998 0.00000000099999999998 0.00000000141245016994
78 78 (0) 7 : 0.21702358511317368372 0.16015667508249467610 0.15978915078401575989 0.00000000099999999998 0.46303058702031579807 0.00000000099999999998
79 79 (0) 7 : 0.20723803080898264839 0.34228406628602797701 0.07645698670748500569 0.22791616440613082784 0.14610475079137355547 0.00000000099999999999
80 80 (0) 7 : 0.50180490587140180736 0.00000000099999999995 0.30525510444263154186 0.00000000099999999995 0.19293998668596673562 0.00000000099999999995
81 81 (0) 7 : 0.26077522003469161271 0.00000000099999999999 0.26242784896854109977 0.11887507247941046795 0.35792185651735680674 0.00000000099999999999
82 82 (0) 7 : 0.57966690562618039539 0.00000000099999999996 0.09012592529659668728 0.00000000099999999996 0.22673106558597480586 0.10347610149124819579
83 83 (0) 7 : 0.54870158864827478506 0.00000000099999999995 0.12895610551819952638 0.00000000099999999995 0.32234230283352577340 0.00000000099999999995
84 84 (0) 7 : 0.77976200287230623687 0.00000000099999999998 0.18646700857581091637 0.00000000099999999998 0.03377098555188286222 0.00000000099999999998
85 85 (0) 6 : 0.13817721675648322877 0.42195861882065688331 0.35637542161424001774 0.00000000099999999997 0.00000000099999999997 0.08348874080861995450
86 86 (0) 6 : 0.17282068902584868386 0.17656009350536625013 0.34905152710459552701 0.12866890656340859711 0.03036594454249425326 0.14253283925828688639
87 87 (0) 6 : 0.08288796052944132076 0.05393286962093208486 0.24299679405784993524 0.62018237379177676427 0.00000000099999999997 0.00000000099999999997
88 88 (0) 6 : 0.00000000099999999997 0.59117769638999884130 0.40042918642005265184 0.00839311418994861426 0.00000000099999999997 0.00000000099999999997
89 89 (0) 6 : 0.00000000099999999995 0.00000000099999999995 0.43504564354234420698 0.56495435245765579513 0.00000000099999999995 0.00000000099999999995
90 90 (0) 6 : 0.18441842119405377209 0.28702673081371271602 0.39969437000910518210 0.11250730038561453095 0.01635317659751367447 0.00000000100000000000
91 91 (0) 6 : 0.00001138719598937707 0.34868435169999134615 0.35815677553399283273 0.27036866550139188048 0.00000000100000000000 0.02277881906863450309
92 92 (0) 6 : 0.00000000099999999997 0.00000000099999999997 0.55551820828870190905 0.34891474840553821091 0.09556704030575989550 0.00000000099999999997
93 93 (0) 7 : 0.25715233597094860896 0.14389632353829059919 0.23535837188096336847 0.35650028292383406647 0.00709268468596341035 0.00000000099999999999
94 94 (0) 7 : 0.40184019139007898236 0.00000000099999999990 0.59815980460992113077 0.00000000099999999990 0.00000000099999999990 0.00000000099999999990
95 95 (0) 6 : 0.07340848225787661996 0.05958071668214141858 0.69566862247938110464 0.05299435421143915137 0.00000000099999999999 0.11834782336916151169
96 96 (0) 6 : 0.00000000099999999992 0.00000000099999999992 0.99999999500000003039 0.00000000099999999992 0.00000000099999999992 0.00000000099999999992
97 97 (0) 6 : 0.30101042659170940130 0.00000000099999999997 0.67459872517964225569 0.00000000099999999997 0.00000000099999999997 0.02439084522864827867
98 98 (0) 6 : 0.19543949995922535456 0.00000000100000000000 0.53429863760833984365 0.05477081479917009915 0.01216427855806115517 0.20332676807520363993
99 99 (0) 6 : 0.00000000099999999997 0.00000000099999999997 0.43941114276552434292 0.46114919813939897475 0.00000000099999999997 0.09943965609507680881
100 100 (0) 6 : 0.00000000099999999996 0.19670705585342246335 0.56139300894167087908 0.24189993220490657588 0.00000000099999999996 0.00000000099999999996
101 101 (0) 6 : 0.09038676820765061126 0.00000000099999999997 0.75434140445126385277 0.00000000099999999997 0.00000000099999999997 0.15527182434108557918
102 102 (0) 6 : 0.00000000099999999997 0.15340733875960352317 0.62805841085213487407 0.00000000099999999997 0.00000000099999999997 0.21853424738826157658
103 103 (0) 8 : 0.00000000099999999997 0.00000000099999999997 0.15010778436885391374 0.23409261371537701257 0.61579959891576907527 0.00000000099999999997
104 104 (0) 8 : 0.03840724982321841452 0.23818434361723297976 0.00000000099999999999 0.44108360952926378706 0.28232479503028473644 0.00000000099999999999
105 105 (0) 8 : 0.00000000099999999995 0.00000000099999999995 0.00000000099999999995 0.45172828165211181828 0.54827171434788823934 0.00000000099999999995
106 106 (0) 8 : 0.35267997028648684354 0.60123967413510814861 0.00000000099999999998 0.04605967597562989069 0.00002067760277517193 0.00000000099999999998
107 107 (0) 8 : 0.50228883302513138709 0.46229654044033513527 0.00000000099999999997 0.00000000099999999997 0.03541462353453357637 0.00000000099999999997
108 108 (0) 8 : 0.48785458339534648609 0.00000000099999999996 0.00000000099999999996 0.45411002189403482099 0.05803539171061868757 0.00000000099999999996
109 109 (0) 8 : 0.00041462638545006111 0.09050660212165057006 0.00000000099999999999 0.53496740611572501933 0.37411136337717426636 0.00000000099999999999
110 110 (0) 8 : 0.00000000099999999996 0.00000000099999999996 0.00000000099999999996 0.66561561982430694773 0.33438437617569310989 0.00000000099999999996
111 111 (0) 8 : 0.00000000099999999999 0.26342895281932243723 0.00000000099999999999 0.00000000099999999999 0.58883925269486903087 0.14773179148580853348
112 112 (0) 8 : 0.00216045421012671206 0.21293462702335072545 0.00000000099999999999 0.30034051576867759614 0.37606544092894927944 0.10849896106889583836
113 113 (0) 8 : 0.04423493112437803382 0.34974460286518804786 0.00000000099999999999 0.36193990968908740236 0.24408055432134648233 0.00000000099999999999
114 114 (0) 8 : 0.37337785354577190944 0.19784052590159126317 0.00000000099999999999 0.09025602435865294482 0.11336265325962438522 0.22516294193435962279
115 115 (0) 8 : 0.40194116454268252747 0.00000000099999999993 0.28854591118232769675 0.00000000099999999993 0.30951292127498963858 0.00000000099999999993
116 116 (0) 8 : 0.00000238086639510993 0.04173787794471642276 0.00000000099999999996 0.94444445199709237126 0.01381528719179618038 0.00000000099999999996
117 117 (0) 8 : 0.19078727612495741117 0.36216057958017550122 0.00800050914870450297 0.00000000099999999999 0.39086155892057156125 0.04819007522559119738
118 118 (0) 8 : 0.00000171671771814028 0.51093443214965106325 0.00000000099999999999 0.00000000099999999999 0.36491554051502339551 0.12414830861760729752
119 119 (0) 8 : 0.21090792214155754114 0.71848048517240670208 0.00000000099999999999 0.01659279541141724448 0.05401879527461840580 0.00000000099999999999
120 120 (0) 8 : 0.09940378585682926871 0.64498101570031252106 0.05751038097670332222 0.00000000099999999998 0.19810481546615504866 0.00000000099999999998
121 121 (0) 8 : 0.11517107517741874412 0.38111538316414828031 0.00000000099999999997 0.36208578482400249898 0.14162775483443051927 0.00000000099999999997
122 122 (0) 8 : 0.33747682283203900289 0.00000000099999999999 0.00000000099999999999 0.31241835244379650982 0.27617738071336961347 0.07392744201079476385
123 123 (0) 8 : 0.07836629541979309166 0.48959670585878206639 0.14996798576253855817 0.03575007968142425441 0.23495076132178138728 0.01136817195568059873
124 124 (0) 8 : 0.44968217209418387403 0.00000275883108903459 0.36303716300556709839 0.00000000099999999999 0.10567746665188164357 0.08160043841727843139
125 125 (0) 8 : 0.21196852350239764329 0.40345111734378208412 0.00000000099999999999 0.08036537086680169140 0.08708718331613213293 0.21712780397088646267
126 126 (0) 3 : 0.24794100844952268736 0.00002591567180773334 0.00000000100000000000 0.46529396621386703847 0.28673910766480265044 0.00000000100000000000
127 127 (0) 3 : 0.02817359518037795829 0.08633379600161050771 0.00000000099999999998 0.88549260581801159109 0.00000000099999999998 0.00000000099999999998
128 128 (0) 3 : 0.19080591537205116026 0.53665668928623300182 0.00000000099999999998 0.04535361970951097554 0.22718377363220484955 0.00000000099999999998
129 129 (0) 3 : 0.20615157946636278319 0.37887412278912085961 0.00000000099999999999 0.32983371514535103630 0.08514058059916523868 0.00000000099999999999
130 130 (0) 3 : 0.22630036485156368453 0.00000000099999999998 0.00000000099999999998 0.65966860955262152100 0.11403102259581469891 0.00000000099999999998
131 131 (0) 3 : 0.25270003555465847533 0.50283556348973790229 0.00000000099999999998 0.00000000099999999998 0.24446439795560354069 0.00000000099999999998
132 132 (0) 3 : 0.27750827815864365089 0.41953562405837446780 0.00000000099999999996 0.11098707655095824132 0.19196901923202353002 0.00000000099999999996
133 133 (0) 3 : 0.41972942394457229964 0.24325640688878183426 0.00000000099999999999 0.23422607148542107236 0.10278809568122483642 0.00000000099999999999
134 134 (0) 3 : 0.40698032881172352404 0.27624171827737581397 0.09067228845108572799 0.02067920626485498029 0.20542645719495980505 0.00000000099999999999
135 135 (0) 3 : 0.39280589254479475469 0.11520086979075655487 0.09493603450302214031 0.00000000099999999999 0.39637463019597246605 0.00068257196545424507
136 136 (0) 3 : 0.11866146006856879980 0.42864164834276935467 0.00000000099999999998 0.00000000099999999998 0.45269688858866174996 0.00000000099999999998
137 137 (0) 3 : 0.00000000099999999997 0.46766651224194211167 0.00000000099999999997 0.00000000099999999997 0.53233348375805766839 0.00000000099999999997
138 138 (0) 3 : 0.13451801247368982972 0.49775720032281228766 0.00114556157272439354 0.00000000099999999998 0.36657922363077355410 0.00000000099999999998
139 139 (0) 3 : 0.15693066324606647077 0.44194685258136062744 0.00000000100000000000 0.16255325885172497435 0.16203917357339231442 0.07653005074745568292
140 140 (0) 3 : 0.01198755831377370205 0.00000000099999999999 0.00000000099999999999 0.60844604130011026299 0.37956639738611586132 0.00000000099999999999
141 141 (0) 3 : 0.31907792950767727147 0.55000872058085481520 0.00000000099999999998 0.00000000099999999998 0.13091334691146785940 0.00000000099999999998
142 142 (0) 3 : 0.44328498027058077513 0.30863856807317957553 0.00000000099999999996 0.24807644865623970643 0.00000000099999999996 0.00000000099999999996
143 143 (0) 3 : 0.19024872293678363189 0.49159402684402964123 0.00000000099999999996 0.00000000099999999996 0.31815724721918664519 0.00000000099999999996
144 144 (0) 3 : 0.00000000099999999997 0.00000000099999999997 0.00000000099999999997 0.65750741499462139750 0.34249258100537866012 0.00000000099999999997
145 145 (0) 3 : 0.49905677766492989589 0.34130996636565019697 0.00000000099999999998 0.15963325296942010301 0.00000000099999999998 0.00000000099999999998
146 146 (0) 3 : 0.21937157792113864963 0.48561428527657229948 0.00000000099999999998 0.29501413380228908023 0.00000000099999999998 0.00000000099999999998
147 147 (0) 3 : 0.16623233189481023686 0.38574095380800571542 0.00000000099999999997 0.00000000099999999997 0.44802671129718413257 0.00000000099999999997
148 148 (0) 3 : 0.46036363258541718180 0.46896788020453905599 0.03595314827973510041 0.00000000099999999999 0.03471533693030866286 0.00000000099999999999
149 149 (0) 3 : 0.18589990549165735789 0.68507682366332667279 0.00000000099999999998 0.00000000099999999998 0.12902326784501594314 0.00000000099999999998
150 150 (0) 3 : 0.40784133743689543472 0.34157820145126355227 0.00000000099999999998 0.00000000099999999998 0.07563332323341410979 0.17494713587842705693
151 151 (0) 3 : 0.36050180785223184809 0.57418659993385312568 0.00000000099999999998 0.00000000099999999998 0.06531158921391509720 0.00000000099999999998
152 152 (0) 3 : 0.18463328677089102525 0.14465968748335339411 0.02096985272427993527 0.34134878181664884966 0.30838839020482677888 0.00000000099999999999
153 153 (0) 8 : 0.34450557438792922538 0.00000000099999999997 0.00000000099999999997 0.41460432343958125712 0.11242003395156012491 0.12847006622092915773
154 154 (0) 8 : 0.44052372611080453657 0.00000000099999999995 0.32587555888061459086 0.00000000099999999995 0.23360071200858098517 0.00000000099999999995
155 155 (0) 8 : 0.05278206270592004923 0.44827431871699385812 0.00000000099999999998 0.28328761873453667253 0.21565599784254949056 0.00000000099999999998
156 156 (0) 8 : 0.26980962832768506932 0.33337465134252280974 0.22794542599105693803 0.00000000100000000000 0.01168791334472583758 0.15718237999400913596
157 157 (0) 8 : 0.04947906870783418815 0.23165051465957389731 0.00000000099999999999 0.31542454507930650642 0.31283064969147961198 0.09061522086180588686
158 158 (0) 8 : 0.18542284237203537911 0.15020161010941807112 0.01829086023059227004 0.30989904768572951177 0.33618563860222477890 0.00000000100000000000
159 159 (0) 8 : 0.02906868616495616661 0.12606662280597508152 0.00000000100000000000 0.15478279665316629909 0.51221566011794050777 0.17786623325796188655
160 160 (0) 1 : 0.00000000099999999999 0.64612315222400129588 0.31797411118999330260 0.00000000099999999999 0.03590273358600553494 0.00000000099999999999
161 161 (0) 1 : 0.00000000099999999998 0.24573861068955313303 0.19701447460442517157 0.32857213606616259005 0.00000000099999999998 0.22867477663985921743
162 162 (0) 1 : 0.00000000099999999999 0.64474953056399753049 0.16753131474548849100 0.00000000099999999999 0.00000000099999999999 0.18771915169051420214
163 163 (0) 1 : 0.00000000099999999995 0.14728468721099696737 0.43851402940802552965 0.41420128038097758782 0.00000000099999999995 0.00000000099999999995
164 164 (0) 1 : 0.00000000099999999996 0.78137441309829847036 0.16154218693228400427 0.05708339696941755470 0.00000000099999999996 0.00000000099999999996
165 165 (0) 1 : 0.00000000099999999999 0.29404937445472306701 0.22845497692659094691 0.25582057813359293519 0.22167506848509305195 0.00000000099999999999
166 166 (0) 1 : 0.00000000099999999998 0.65183642000042607556 0.32509578035835801080 0.02306779664121582155 0.00000000099999999998 0.00000000099999999998
167 167 (0) 1 : 0.00000000099999999996 0.85228711746506702340 0.04092091171729608096 0.10679196781763689028 0.00000000099999999996 0.00000000099999999996
168 168 (0) 2 : 0.00000000099999999998 0.10543811512020699606 0.04347041077496080486 0.70225906110445546204 0.00000000099999999998 0.14883241100037666871
169 169 (0) 2 : 0.16156637558981953862 0.68871854883833527605 0.07935552226286890498 0.00000000099999999999 0.07035955130897622589 0.00000000099999999999
170 170 (0) 2 : 0.09116251527972991930 0.65065448961878957768 0.09749224538994535894 0.07842126007549005129 0.08226948863604503781 0.00000000100000000000
171 171 (0) 2 : 0.24244946052541621606 0.00000000099999999998 0.00000000099999999998 0.55867907905913960498 0.04043925282906472157 0.15843220558637940987
172 172 (0) 2 : 0.02673323486068986815 0.76448858251887530368 0.02795983529160878112 0.17642254456004305418 0.00439580176878299079 0.00000000100000000000
173 173 (0) 2 : 0.00000000099999999996 0.00000000099999999996 0.00000000099999999996 0.82622322675844850348 0.17377676924155138760 0.00000000099999999996
174 174 (0) 2 : 0.00000000099999999998 0.36813090052526892260 0.33682447113277724782 0.20165423630739820471 0.00000000099999999998 0.09339039003455570920
175 175 (0) 2 : 0.30513422519943494970 0.07343534163823975391 0.00000000099999999998 0.24392175634167709286 0.00000000099999999998 0.37750867482064826008
176 176 (0) 1 : 0.06854594051676028699 0.35617644034185302893 0.10243548545145100825 0.47234646611444980335 0.00049566657548584330 0.00000000100000000000
177 177 (0) 1 : 0.00000000099999999999 0.31055433465131393467 0.44923161846444953360 0.00000000099999999999 0.00000000099999999999 0.24021404388423647780
178 178 (0) 1 : 0.09531869831399429616 0.00000000099999999999 0.39508372805968133834 0.50935527844988726098 0.00024229317643710002 0.00000000099999999999
179 179 (0) 1 : 0.00000000099999999996 0.17760536416877364951 0.60358376816400782783 0.21881086466721844097 0.00000000099999999996 0.00000000099999999996
180 180 (0) 1 : 0.00000000099999999996 0.00000000099999999996 0.48064598802093982943 0.48854388934294229463 0.00000000099999999996 0.03081011963611797119
181 181 (0) 1 : 0.00000000099999999993 0.00000000099999999993 0.82514688092127463914 0.00000000099999999993 0.00000000099999999993 0.17485311507872539072
182 182 (0) 2 : 0.00335084120846345680 0.00000000100000000000 0.25188469380541694820 0.54023109609781982954 0.00365911959288640724 0.20087424829541353222
183 183 (0) 2 : 0.11219902562356083575 0.73878471613755747338 0.14901625523888176184 0.00000000099999999999 0.00000000099999999999 0.00000000099999999999
184 184 (0) 2 : 0.00000000099999999995 0.00000000099999999995 0.00000000099999999995 0.83612832049725971384 0.00000000099999999995 0.16387167550274034378
185 185 (0) 2 : 0.08216258826654804226 0.87404734891706936661 0.00000000099999999997 0.00626909088685167690 0.00000000099999999997 0.03752096992953104365
186 186 (0) 2 : 0.11991027539037456273 0.00000000099999999995 0.00000000099999999995 0.48989354729072431827 0.00000000099999999995 0.39019617431890135650
187 187 (0) 1 : 0.00000000099999999993 0.00000000099999999993 0.05376109076700049533 0.57183699324124004360 0.00000000099999999993 0.37440191299175956674
188 188 (0) 1 : 0.22009280894216445845 0.35889185609848783809 0.39740571358528381518 0.00000000099999999999 0.00163895517681853409 0.02197066519724527253
189 189 (0) 1 : 0.00000000099999999997 0.00000000099999999997 0.28957538785582359608 0.04450427070605784963 0.21122326386072826088 0.45469707557739030834
190 190 (0) 1 : 0.00000000099999999998 0.38264282075002048478 0.52889984026848468890 0.00000000099999999998 0.00000000099999999998 0.08845733598149495280
191 191 (0) 1 : 0.00000000099999999994 0.00000000099999999994 0.19688662483811267268 0.73949863886054600925 0.00000000099999999994 0.06361473330134136128
192 192 (0) 1 : 0.00000000099999999995 0.32681855541509613472 0.53164421379373694165 0.00000000099999999995 0.00000000099999999995 0.14153722779116689745
193 193 (0) 1 : 0.00000000099999999999 0.35178987754227464269 0.56335112413435739498 0.00139400208041060925 0.00000000099999999999 0.08346499424295732161
194 194 (0) 1 : 0.00000000099999999998 0.00000000099999999998 0.44951148879097085898 0.49651777391126111771 0.05397073429776806652 0.00000000099999999998
195 195 (0) 2 : 0.00000000099999999996 0.36288362046577732345 0.21558853267927607922 0.42152784385494673769 0.00000000099999999996 0.00000000099999999996
196 196 (0) 2 : 0.10209986058513041696 0.00000000099999999999 0.05399588476231888257 0.53092802325759591575 0.12326382982359546103 0.18971240057135924095
197 197 (0) 2 : 0.03996231884670713164 0.54934020739390232446 0.30791094877560987175 0.00000000099999999999 0.02679515989241338866 0.07599136409136725279
198 198 (0) 2 : 0.15652587615510327179 0.44116238423392850621 0.21223299158615968607 0.14604307622356782481 0.04403567080124081573 0.00000000099999999999
199 199 (0) 2 : 0.02439745332497118141 0.74096600164712644876 0.15723629098748265198 0.00000000099999999998 0.00000000099999999998 0.07740025204041961482
200 200 (0) 2 : 0.00000000099999999998 0.11330873879183263331 0.00000000099999999998 0.88669125720816732716 0.00000000099999999998 0.00000000099999999998
201 201 (0) 2 : 0.13585099489649477000 0.10077091412496338996 0.07290564590482377649 0.59411069747160227816 0.00000000099999999999 0.09636174660211571652
202 202 (0) 2 : 0.00000000099999999998 0.69818546596864949905 0.10454117886590109932 0.00000000099999999998 0.12741295458228077409 0.06986039858316867024
203 203 (0) 2 : 0.00000000099999999997 0.71838781430899489866 0.09248279768380117394 0.14036271587495172120 0.00000000099999999997 0.04876667013225235298
204 204 (0) 2 : 0.00821794568357839088 0.83799577475938114013 0.00000000099999999999 0.15378627655704041333 0.00000000099999999999 0.00000000099999999999
205 205 (0) 2 : 0.00000000099999999997 0.78024081880504281283 0.19031148455396795782 0.02944769364098925521 0.00000000099999999997 0.00000000099999999997
206 206 (0) 2 : 0.13138421814998432757 0.45268389105329503996 0.04716467438898364062 0.12549049582341539888 0.19567079776791945767 0.04760592281640210061
207 207 (0) 2 : 0.03028139344419252671 0.48446158485844659225 0.01963398639067085935 0.43823889947528260613 0.02738413483140731547 0.00000000100000000000
208 208 (0) 9 : 0.00000000099999999999 0.29744898600254060517 0.04446571116114740596 0.48561517741026011263 0.00000000099999999999 0.17247012342605189117
209 209 (0) 9 : 0.00000000099999999999 0.00000000099999999999 0.06984261890364537595 0.54072222821952775629 0.17663961489866367160 0.21279553597816330823
210 210 (0) 9 : 0.07116863654625195379 0.45360291623846010767 0.00000000099999999999 0.00000000099999999999 0.00000214048725293084 0.47522630472803512047
211 211 (0) 9 : 0.00000000099999999999 0.00000000099999999999 0.08605844930337371024 0.30167046371590272580 0.13407881193514073481 0.47819227304558298286
212 212 (0) 9 : 0.08515900103741844140 0.00000000099999999998 0.00000000099999999998 0.48218821548485840678 0.01822796626060789460 0.41442481521711532766
213 213 (0) 9 : 0.00016596418719807965 0.53666691015519507602 0.00000000099999999999 0.00000000099999999999 0.07355146954582769681 0.38961565411177911944
214 214 (0) 9 : 0.06789071790376952076 0.16291206658452400680 0.00000000099999999999 0.50966965029712396618 0.00000000099999999999 0.25952756321458253508
215 215 (0) 9 : 0.00000000099999999997 0.58931512076577818871 0.00000000099999999997 0.00000000099999999997 0.00000000099999999997 0.41068487523422197993
216 216 (0) 9 : 0.00000000099999999988 0.00000000099999999988 0.00000000099999999988 0.00000000099999999988 0.00000000099999999988 0.99999999499999991937
217 217 (0) 9 : 0.00000000099999999999 0.75184977200121516638 0.03461736449868183657 0.00000000099999999999 0.09694648591696045092 0.11658637558314259575
218 218 (0) 9 : 0.19069176845502125439 0.00000000099999999997 0.00000000099999999997 0.25305523531372087209 0.22151218550095710946 0.33474080873030070959
219 219 (0) 9 : 0.00000000099999999994 0.76696452494405309430 0.00000000099999999994 0.00000000099999999994 0.00000000099999999994 0.23303547105594690780
220 220 (0) 9 : 0.00000000099999999998 0.00786114497016527324 0.00000000099999999998 0.62601588792455575838 0.00000000099999999998 0.36612296410527894741
221 221 (0) 9 : 0.03076494358811904251 0.66852357459043809662 0.02928347407579959955 0.27142800574564340810 0.00000000099999999999 0.00000000099999999999
222 222 (0) 9 : 0.00000000099999999998 0.34440487166030164801 0.08605447475084612718 0.40800745977665625608 0.00000000099999999998 0.16153319181219599754
223 223 (0) 9 : 0.00000000099999999996 0.00000000099999999996 0.00000000099999999996 0.76694285658024874408 0.10524255461663609146 0.12781458580311499951
224 224 (0) 9 : 0.05125966823671807004 0.65628904165359303047 0.00000000099999999997 0.00000000099999999997 0.00000000099999999997 0.29245128710968903984
225 225 (0) 9 : 0.02721809275187809726 0.97278190324812197076 0.00000000099999999998 0.00000000099999999998 0.00000000099999999998 0.00000000099999999998
226 226 (0) 9 : 0.00000000434615929377 0.56097050322923258658 0.18934531898954828910 0.00000000100000000000 0.04003568414453297086 0.20964848829052687429
227 227 (0) 9 : 0.00000000099999999995 0.00000000099999999995 0.00000000099999999995 0.00000000099999999995 0.00000000099999999995 0.99999999499999991937
228 228 (0) 9 : 0.00000000099999999996 0.52507994465538077034 0.00000000099999999996 0.24769109802777297680 0.00000000099999999996 0.22722895431684628220
229 229 (0) 9 : 0.05798469865330146272 0.83899500063301157837 0.00000000099999999999 0.00000000099999999999 0.00000000099999999999 0.10302029771368714783
230 230 (0) 9 : 0.00000000099999999997 0.52567301100892604993 0.04325185135450139440 0.00000000099999999997 0.00000000099999999997 0.43107513463657265440
231 231 (0) 9 : 0.00000000099999999998 0.59451287092470384010 0.20935240235939367448 0.00000000099999999998 0.00000000099999999998 0.19613472371590254251
232 232 (0) 9 : 0.00000000099999999996 0.35904498162206904821 0.00000000099999999996 0.48513775094257743925 0.00000000099999999996 0.15581726443535348636
233 233 (0) 9 : 0.00000000099999999996 0.00000000099999999996 0.00000000099999999996 0.00000000099999999996 0.00000000099999999996 0.99999999499999991937
234 234 (0) 9 : 0.00000000099999999994 0.68941046142065409708 0.00000000099999999994 0.01141104672148359270 0.00000000099999999994 0.29917848885786257895
235 235 (0) 9 : 0.00000000099999999997 0.45493224625290945573 0.00000000099999999997 0.26525807814644003502 0.00000000099999999997 0.27980967260065053859
236 236 (0) 9 : 0.00000000099999999999 0.46688081467772868383 0.14946435144506467485 0.00000000099999999999 0.06394012420098436900 0.31971470767622223175
237 237 (0) 10 : 0.00000000099999999999 0.26600764808683008411 0.17209921369740935337 0.00000000099999999999 0.27104800100650322525 0.29084513520925736607
238 238 (0) 10 : 0.00000000099999999998 0.64795754290706830680 0.11766132474911515648 0.00007004207109152719 0.00000000099999999998 0.23431108827272509321
239 239 (0) 10 : 0.00000000099999999997 0.99999989252517684779 0.00000000099999999997 0.00000000099999999997 0.00000000099999999997 0.00000010347482331163
240 240 (0) 10 : 0.00000000099999999997 0.00000000099999999997 0.00000000099999999997 0.84766296116953043782 0.00000000099999999997 0.15233703483046959204
241 241 (0) 10 : 0.00000000099999999998 0.00000000099999999998 0.06811709899034568139 0.71931995715569763128 0.00000000099999999998 0.21256294085395668891
242 242 (0) 10 : 0.09927732551630186197 0.65501351278034081194 0.03033318410606956200 0.00000000099999999999 0.00000000099999999999 0.21537597559728785535
243 243 (0) 10 : 0.00000000099999999998 0.92221368702574435527 0.00000000099999999998 0.00000000099999999998 0.00000000099999999998 0.07778630897425568846
244 244 (0) 10 : 0.00000000099999999994 0.00000000099999999994 0.18195296252897011358 0.23705449159888983268 0.00000000099999999994 0.58099254287213997205
245 245 (0) 10 : 0.00000000099999999999 0.11085761455330694902 0.08911423577303285992 0.16351901151262954182 0.00000000099999999999 0.63650913616103066417
246 246 (0) 10 : 0.00000000099999999994 0.00000000099999999994 0.00000000099999999994 0.00000000099999999994 0.48540565172640004477 0.51459434427359984632
247 247 (0) 10 : 0.00000000099999999999 0.41452425151542676707 0.15633802550509640072 0.00000000099999999999 0.02936392083381647936 0.39977380014566055166
248 248 (0) 10 : 0.00000000099999999999 0.18251009932150119575 0.00000000099999999999 0.00000000099999999999 0.56620532912659282676 0.25128456855190606234
249 249 (0) 10 : 0.00219118461790636463 0.58558278129814878010 0.32488455114840708582 0.00000000099999999999 0.00000000099999999999 0.08734148093553791015
250 250 (0) 10 : 0.09817888987208350793 0.27216800728546503008 0.30854176038442160390 0.19654823866695905754 0.12456310279107074557 0.00000000100000000000
251 251 (0) 10 : 0.00000000099999999996 0.00000000099999999996 0.61393190023905475083 0.00000000099999999996 0.00000000099999999996 0.38606809576094514025
252 252 (0) 10 : 0.11447497937722619921 0.31511844055355309191 0.04464895186061034610 0.21986525696122236062 0.11331165896514271141 0.19258071228224524218
253 253 (0) 10 : 0.00000000099999999999 0.36952334540967424203 0.00000000099999999999 0.00000000099999999999 0.00000000099999999999 0.63047665059032564905
254 254 (0) 10 : 0.00000000099999999998 0.15871457730057658697 0.12052759314626401710 0.37329961246515158679 0.00000000099999999998 0.34745821508800778243
255 255 (0) 10 : 0.28095335403875254521 0.00000000099999999997 0.41923512376301041993 0.00000000099999999997 0.00000000099999999997 0.29981151919823700869
256 256 (0) 10 : 0.00239593162313493212 0.00000000099999999999 0.40500065202889884430 0.00000000099999999999 0.06420901033736248209 0.52839440401060366881
257 257 (0) 10 : 0.00000000099999999998 0.00000000099999999998 0.14132611526730340379 0.53425798131436075256 0.17195204949668357886 0.15246385192165229361
258 258 (0) 10 : 0.00000000099999999997 0.00000000099999999997 0.17604062708012138683 0.00000000099999999997 0.17264562206507791386 0.65131374785480078415
259 259 (0) 10 : 0.00000000099999999998 0.00000000099999999998 0.13049563953373494174 0.38594603680995032136 0.16472080648556605698 0.31883751517074854220
260 260 (0) 10 : 0.00000000099999999999 0.58468367929519704518 0.00000000099999999999 0.00000000099999999999 0.01946962123607292802 0.39584669646873016369
261 261 (0) 10 : 0.00000000099999999996 0.00000000099999999996 0.01463341410344484207 0.62663023021697217274 0.00000000099999999996 0.35873635267958320361
262 262 (0) 10 : 0.02121106804552113853 0.37106757431301951033 0.16393270283871017035 0.00000000099999999999 0.00000000099999999999 0.44378865280274920613
263 263 (0) 10 : 0.21460402720998505988 0.09656636670023019398 0.42770295999144825050 0.00000000099999999999 0.00000000099999999999 0.26112664409833669099
264 264 (0) 11 : 0.53735752129998926030 0.00000000099999999995 0.00000000099999999995 0.00000000099999999995 0.23631466567321193772 0.22632781002679877580
265 265 (0) 11 : 0.22430418323134893033 0.43372670603762564223 0.00000000099999999996 0.00000000099999999996 0.00000000099999999996 0.34196910773102545678
266 266 (0) 11 : 0.99999932918110689961 0.00000000099999999995 0.00000000099999999995 0.00000000099999999995 0.00000000099999999995 0.00000066681889312227
267 267 (0) 11 : 0.44675856711035200064 0.00000000099999999998 0.00000000099999999998 0.41461609600565624278 0.01507940331136949086 0.12354593157262208636
268 268 (0) 11 : 0.56051274075276369402 0.00000000099999999993 0.00000000099999999993 0.03790312489510265503 0.00000000099999999993 0.40158413135213383294
269 269 (0) 11 : 0.54377175498248708774 0.00000000099999999994 0.00000000099999999994 0.00000000099999999994 0.17185130837830064898 0.28437693363921240364
270 270 (0) 11 : 0.62311566697971998430 0.20020513199323120013 0.00000000099999999996 0.00000000099999999996 0.00000000099999999996 0.17667919802704887267
271 271 (0) 11 : 0.37173407327218599416 0.00000000099999999993 0.00000000099999999993 0.10884059110082400235 0.00000000099999999993 0.51942533262698986629
272 272 (0) 11 : 0.47257899162999073006 0.00000000099999999991 0.00000000099999999991 0.00000000099999999991 0.00000000099999999991 0.52742100437000916102
273 273 (0) 12 : 0.02335012475264833937 0.70221369656621812627 0.00000000100000000000 0.20308807462187572490 0.02463009994188677595 0.04671800311737108607
274 274 (0) 12 : 0.00000000099999999999 0.18944631602664746550 0.00000000099999999999 0.67186181737406036607 0.08072445756306788345 0.05796740703622432073
275 275 (0) 12 : 0.00000000099999999992 0.51599701080547966114 0.00000000099999999992 0.48400298519452045198 0.00000000099999999992 0.00000000099999999992
276 276 (0) 12 : 0.00000000099999999993 0.00000000099999999993 0.00000000099999999993 0.99999999499999991937 0.00000000099999999993 0.00000000099999999993
277 277 (0) 12 : 0.00000000099999999997 0.36927056619857584474 0.08045784127215536985 0.00000000099999999997 0.00000000099999999997 0.55027158952926868984
278 278 (0) 12 : 0.00000000099999999998 0.29677738388218399823 0.00000000099999999998 0.46390978617848893650 0.09686949429420492474 0.14244333364512207218
279 279 (0) 12 : 0.00000000099999999999 0.12982999886767565556 0.00449058734686623440 0.70788380890975866055 0.05563684355936088927 0.10215876031633867871
280 280 (0) 12 : 0.00000000099999999999 0.80595830695728265525 0.07774285790926246942 0.00000000099999999999 0.11629883154074069362 0.00000000159271427652
281 281 (0) 12 : 0.00000079109415432522 0.24669201202168930531 0.09923200670239658294 0.45734384179110593172 0.02932108562611553809 0.16741026276453835342
282 282 (0) 12 : 0.53265392714565218402 0.00000000099999999997 0.33753121545420811112 0.00000000099999999997 0.00000000099999999997 0.12981485440013973420
283 283 (0) 12 : 0.02193555678642127721 0.78969441202131984703 0.00000000100000000000 0.18778498684978048305 0.00058503223040453690 0.00000001111207387049
284 284 (0) 12 : 0.00000000374467839656 0.00000000099999999999 0.00000000099999999999 0.70043379033594266314 0.29956620291937879896 0.00000000099999999999
285 285 (0) 12 : 0.00000000099999999997 0.03246005566876317833 0.00000000099999999997 0.96753994033123680296 0.00000000099999999997 0.00000000099999999997
286 286 (0) 12 : 0.11190055828269970806 0.00000000099999999995 0.00000000099999999995 0.39838006948225873627 0.00000000099999999995 0.48971936923504172379
287 287 (0) 12 : 0.00000000099999999998 0.51315655759908707090 0.05573449178139736754 0.30361718342245747060 0.00000000099999999998 0.12749176519705804345
288 288 (0) 12 : 0.00000000099999999993 0.22161494303259948735 0.00000000099999999993 0.25849087706597589920 0.00000000099999999993 0.51989417690142458728
289 289 (0) 12 : 0.00000000099999999998 0.70497340560496135620 0.00653396263998857162 0.02955520599096504025 0.00000000099999999998 0.25893742376408507289
290 290 (0) 12 : 0.12803943937562822786 0.00000000100000000000 0.12403189149634961941 0.11051317645219498054 0.12735078195577598237 0.51006470972005113484
291 291 (0) 12 : 0.15311811750021961376 0.53459642890159964068 0.00000000099999999999 0.09084042710661409392 0.00586677116747329024 0.21557825432409352673
292 292 (0) 12 : 0.00000000099999999996 0.76793316846677006637 0.00000000099999999996 0.00000000099999999996 0.00000000099999999996 0.23206682753323001900
293 293 (0) 12 : 0.00000000099999999993 0.03504342162437124042 0.00000000099999999993 0.50602526019213045494 0.00000000099999999993 0.45893131518349838949
294 294 (0) 12 : 0.00000000099999999998 0.10826710077833233414 0.09051554163119297780 0.46462166107620367361 0.00000000099999999998 0.33659569451427118203
295 295 (0) 12 : 0.00000000099999999999 0.31260085954442712319 0.00806147501270701450 0.49421931886180625604 0.00000000099999999999 0.18511834458105966283
296 296 (0) 12 : 0.19904540389410640966 0.61680796136670346108 0.00000000099999999995 0.01447435638040518030 0.00000000099999999995 0.16967227635878492920
297 297 (0) 12 : 0.00571791855707018924 0.22271979080731862943 0.00000000099999999997 0.67140091425136849690 0.00000000099999999997 0.10016137438424276007
298 298 (0) 12 : 0.00000000099999999998 0.00000000099999999998 0.12651982837255792980 0.67029514881384721914 0.05872756797847556581 0.14445745283511923773
299 299 (0) 12 : 0.00000000099999999999 0.23100865469466463908 0.16119754764354984888 0.17211913090189176478 0.25272453662632909932 0.18295012913356473172
300 300 (0) 12 : 0.00000000099999999996 0.00000000099999999996 0.00000000099999999996 0.99093469530219246977 0.00000000099999999996 0.00906530069780740050
1 1 (0) 1 : 0.00000000099999999996 0.00000000099999999996 0.56117713042424322012 0.43882286557575667096 0.00000000099999999996 0.00000000099999999996
2 2 (0) 1 : 0.03830158081803806264 0.50442835702400212750 0.32178101920915502809 0.04842196806132865322 0.06166797312832326267 0.02539910175915288323
3 3 (0) 1 : 0.00000000099999999997 0.07119441252429270506 0.40551206893435859380 0.24088807993364649840 0.00000000099999999997 0.28240543660770217604
4 4 (0) 1 : 0.00000000099999999997 0.00000000099999999997 0.67547195060073950135 0.00000000099999999997 0.26625799315802900491 0.05827005324123156471
5 5 (0) 1 : 0.05018346982265470269 0.33804425404783872144 0.22693526766813268414 0.35515913856809289140 0.02967786889328099392 0.00000000100000000000
6 6 (0) 2 : 0.00000000099999999993 0.00000000099999999993 0.63242486956224885919 0.00000000099999999993 0.00000000099999999993 0.36757512643775097638
7 7 (0) 1 : 0.00000000099999999996 0.27765440173726457784 0.72234559426273536875 0.00000000099999999996 0.00000000099999999996 0.00000000099999999996
8 8 (0) 3 : 0.55551503969447868503 0.00000004043566008388 0.00000000099999999996 0.44448491686986141280 0.00000000099999999996 0.00000000099999999996
9 9 (0) 4 : 0.66129746258014054927 0.00000000099999999995 0.27588060881640258382 0.00000000099999999995 0.00000000099999999995 0.06282192560345686849
10 10 (0) 4 : 0.43026435818913993936 0.41546875081987744149 0.06298649855022951660 0.09122345903078962759 0.00000000099999999999 0.00005693240996342539
11 11 (0) 4 : 0.28303205251067770076 0.00000000100000000000 0.03517080377401014118 0.37849626381556011889 0.24306071157028005802 0.06024016732947198860
12 12 (0) 4 : 0.56685210298261212714 0.00000000099999999998 0.43314789301738781946 0.00000000099999999998 0.00000000099999999998 0.00000000099999999998
13 13 (0) 4 : 0.49794630119752514297 0.33709843010015477782 0.16495526570231994201 0.00000000099999999998 0.00000000099999999998 0.00000000099999999998
14 14 (0) 5 : 0.24600502021299103239 0.35137433550984054076 0.04669404849359867771 0.27753562143196219836 0.00970755463007771588 0.06868341972152983144
15 15 (0) 4 : 0.46719000306273594791 0.00000000099999999999 0.00000000099999999999 0.41266341478174106694 0.00232127637909340830 0.11782530377642952413
16 16 (0) 5 : 0.43920943724383698648 0.37917005918727847424 0.15259848807107581625 0.02843697431295001687 0.00058504018485874658 0.00000000100000000000
17 17 (0) 5 : 0.61580554239773899194 0.38419445360226101016 0.00000000099999999998 0.00000000099999999998 0.00000000099999999998 0.00000000099999999998
18 18 (0) 5 : 0.61880252170977168014 0.00000000099999999992 0.00000000099999999992 0.20667249255495026561 0.00000000099999999992 0.17452498273527827788
19 19 (0) 5 : 0.76249350247615443887 0.23750649352384570201 0.00000000099999999995 0.00000000099999999995 0.00000000099999999995 0.00000000099999999995
20 20 (0) 5 : 0.20517941468418157691 0.00000000099999999997 0.00000000099999999997 0.50498229402223260287 0.28983828829358587731 0.00000000099999999997
21 21 (0) 5 : 0.61682436445194122054 0.00000000099999999992 0.00000000099999999992 0.38317563154805894809 0.00000000099999999992 0.00000000099999999992
22 22 (0) 5 : 0.24077055358705742871 0.20535220455776254100 0.00000000100000000000 0.07543408456781879046 0.29603150699210706298 0.18241164929525408023
23 23 (0) 5 : 0.54520200975088428663 0.00000000099999999996 0.00000000099999999996 0.34829932917492373301 0.10649865807419192643 0.00000000099999999996
24 24 (0) 5 : 0.66919221422940167177 0.29614040424808635299 0.00000000099999999999 0.00000000099999999999 0.00000000099999999999 0.03466737852251203234
25 25 (0) 5 : 0.42107956133921792263 0.00000000099999999998 0.00000000099999999998 0.43657610321221862471 0.14234433244856331546 0.00000000099999999998
26 26 (0) 5 : 0.79328152678335195347 0.00000000456035479180 0.00000000099999999998 0.00000000099999999998 0.20671846565629331538 0.00000000099999999998
27 27 (0) 5 : 0.31109371059037049800 0.68221731800844709337 0.00000000099999999999 0.00000000099999999999 0.00668896840118235990 0.00000000099999999999
28 28 (0) 5 : 0.35310293114747937082 0.37520700261112871488 0.00000000099999999999 0.15891155216033428510 0.03458558399256613652 0.07819292908849161117
29 29 (0) 5 : 0.41488547804093078852 0.07930270521100170333 0.00000000099999999999 0.14514254693598721557 0.36066926781208014097 0.00000000099999999999
30 30 (0) 5 : 0.18801839557072613784 0.31628397945156233595 0.00000000099999999999 0.48354010261119301228 0.01215752036651854967 0.00000000099999999999
31 31 (0) 5 : 0.28828558251514069255 0.24096872487194612167 0.00000000099999999998 0.46718430550259382183 0.00356138511031916247 0.00000000099999999998
32 32 (0) 5 : 0.33285625959015169295 0.54737964738507982609 0.00000000100000000000 0.09248629844040182069 0.00000008441221752682 0.02727770917214917407
33 33 (0) 5 : 0.78428750053546258947 0.21571249546453749590 0.00000000099999999997 0.00000000099999999997 0.00000000099999999997 0.00000000099999999997
34 34 (0) 5 : 0.33863198941254840646 0.27134078438967790259 0.00000000099999999999 0.09712096488621023427 0.29290625931156349937 0.00000000099999999999
35 35 (0) 5 : 0.47704293848302797842 0.00000000099999999999 0.00570538988348617826 0.06553375534698351046 0.40872070132150922772 0.04299721396499319587
36 36 (0) 5 : 0.28200184689561968998 0.13304338195841561299 0.09153712185951590197 0.00001453392056657823 0.49340311436588213390 0.00000000100000000000
37 37 (0) 5 : 0.30363829051173024665 0.40447072485386659224 0.00000000099999999996 0.00000000099999999996 0.29189098163440319045 0.00000000099999999996
38 38 (0) 5 : 0.32877886230060537898 0.00000000099999999998 0.00000000099999999998 0.34811029671245741213 0.32311083798693712721 0.00000000099999999998
39 39 (0) 5 : 0.38017703290163601393 0.61982296309836415471 0.00000000099999999995 0.00000000099999999995 0.00000000099999999995 0.00000000099999999995
40 40 (0) 5 : 0.14968921187627040603 0.00000000099999999999 0.00000000099999999999 0.16770303764695038140 0.51685217551332474084 0.16575557296345441727
41 41 (0) 4 : 0.94663764559559515632 0.00000000099999999996 0.05336235040440496374 0.00000000099999999996 0.00000000099999999996 0.00000000099999999996
42 42 (0) 4 : 0.00000000099999999999 0.33204306907847297436 0.00000000099999999999 0.02081050398363869930 0.41286564861762736767 0.23428077632026109156
43 43 (0) 4 : 0.25363387297775447093 0.00000000099999999998 0.00000000099999999998 0.64477719878525607822 0.00000000099999999998 0.10158892523698943855
44 44 (0) 4 : 0.33983130446736725672 0.54571207916263675397 0.07807658171435147287 0.00000000099999999999 0.03633880248341224417 0.00004123117223249737
45 45 (0) 5 : 0.07273220425333681849 0.27326215103644052595 0.08375576144579745252 0.23289877753156168483 0.30038255691610066256 0.03696854881676298055
46 46 (0) 4 : 0.42371212536341046340 0.00000000099999999994 0.00000000099999999994 0.54461020481710475938 0.00000000099999999994 0.03167766681948471635
47 47 (0) 4 : 0.32981339988218444370 0.26783561917300552357 0.24774891281670638477 0.03022295695881789188 0.12437911016928568375 0.00000000099999999999
48 48 (0) 4 : 0.54106577865709171160 0.20890401275120462632 0.19074101958859548955 0.00000000099999999999 0.05928918700310827072 0.00000000099999999999
49 49 (0) 4 : 0.72111742928859634549 0.14751588529671311179 0.08217412177143089413 0.03552296224705830952 0.01366960039620132399 0.00000000099999999999
50 50 (0) 5 : 0.00857375504283355329 0.31403837617917612635 0.11767811453756223117 0.03004666886232788478 0.52966308437810005749 0.00000000100000000000
51 51 (0) 4 : 0.23838371449412651404 0.51573011134002855194 0.03231541969566543299 0.21357073642883614428 0.00000001704134345087 0.00000000099999999999
52 52 (0) 5 : 0.20726985213501755712 0.07327592246994649172 0.02896826178568012722 0.26170614925667379236 0.21510136184915321089 0.21367845250352882069
53 53 (0) 6 : 0.03570149053034115533 0.00000000099999999998 0.96429850546965889535 0.00000000099999999998 0.00000000099999999998 0.00000000099999999998
54 54 (0) 6 : 0.31394496953625489200 0.20471441229597098221 0.12683262151924706851 0.35450799464852705833 0.00000000099999999998 0.00000000099999999998
55 55 (0) 6 : 0.39495140541939494083 0.00000000099999999993 0.49559264878548359157 0.00000000099999999993 0.10945594279512155245 0.00000000099999999993
56 56 (0) 6 : 0.00000000099999999992 0.00000000099999999992 0.61540429284278186373 0.38459570315721808287 0.00000000099999999992 0.00000000099999999992
57 57 (0) 6 : 0.03068942837633308052 0.17170159001463156101 0.38376165684197077743 0.41384732276706465148 0.00000000099999999998 0.00000000099999999998
58 58 (0) 6 : 0.09001468403455403777 0.29989391742808790831 0.15410244725953231582 0.45598894927782573916 0.00000000099999999998 0.00000000099999999998
59 59 (0) 6 : 0.02105363481284723559 0.00000000099999999998 0.10814230097039916056 0.72378522383998922241 0.13951127927181561361 0.00750756010494894009
60 60 (0) 6 : 0.14758816723772449908 0.15384143833710539617 0.28224552045881456941 0.41632487196635553639 0.00000000099999999997 0.00000000099999999997
61 61 (0) 7 : 0.18336589129613617422 0.46954852741183966680 0.05631755760648386039 0.00000000099999999997 0.29076802168554027883 0.00000000099999999997
62 62 (0) 7 : 0.19402022356528766944 0.57340688231154113286 0.04062979625775515330 0.02773764230762901239 0.00000000100000000000 0.16420545455778703947
63 63 (0) 7 : 0.22933440086001047331 0.23496466718724579037 0.16564591580868118226 0.14259652159727237430 0.20464420702552177378 0.02281428752126814924
64 64 (0) 7 : 0.34109682421311871003 0.32672029344153202812 0.27209989354412283946 0.00000000099999999998 0.00816006889512261267 0.05192291890610371136
65 65 (0) 7 : 0.76478605959726497776 0.05209994394124523726 0.18311399344730330818 0.00000000099999999999 0.00000000101418659057 0.00000000099999999999
66 66 (0) 7 : 0.25423993903689617868 0.00000000099999999999 0.38193265746287863305 0.00000000099999999999 0.35499079256696552953 0.00883660893325965632
67 67 (0) 7 : 0.32274361752184649310 0.16199639676402913246 0.09502662449988233395 0.00000000099999999999 0.13100571344864797574 0.28922764676559425956
68 68 (0) 7 : 0.16031099405341464603 0.76708592259955932224 0.00564850981817891992 0.00000000099999999998 0.00000000099999999998 0.06695457152884715102
69 69 (0) 7 : 0.45653146956444551341 0.15211619797028511081 0.28394075378615146743 0.10741157667911786777 0.00000000099999999999 0.00000000099999999999
70 70 (0) 7 : 0.75991989519561664590 0.00000000099999999996 0.24008010080438352274 0.00000000099999999996 0.00000000099999999996 0.00000000099999999996
71 71 (0) 7 : 0.00000000099999999999 0.52567969202335962375 0.07115275530268194704 0.00000000099999999999 0.27756381751148578862 0.12560373316247275266
72 72 (0) 7 : 0.41742145684345444145 0.48313729321987952670 0.09944124693666613057 0.00000000099999999998 0.00000000099999999998 0.00000000099999999998
73 73 (0) 7 : 0.74788256635192584820 0.03495380114371210434 0.21716362950436199353 0.00000000099999999999 0.00000000099999999999 0.00000000099999999999
74 74 (0) 7 : 0.16545724843893486189 0.03685539701038658550 0.14661124010872805812 0.55531485860553908562 0.09576125483641129144 0.00000000099999999999
75 75 (0) 7 : 0.44899432840231789932 0.46078968705121980953 0.00000000099999999997 0.00000000099999999997 0.09021598154646234824 0.00000000099999999997
76 76 (0) 7 : 0.21536842659029284408 0.41663693365466064611 0.01776017492964392444 0.35023446282540254826 0.00000000099999999996 0.00000000099999999996
77 77 (0) 7 : 0.46274137005465199035 0.38931589848374936746 0.14794272804914843089 0.00000000099999999998 0.00000000099999999998 0.00000000141245016994
78 78 (0) 7 : 0.21702358511317368372 0.16015667508249467610 0.15978915078401575989 0.00000000099999999998 0.46303058702031579807 0.00000000099999999998
79 79 (0) 7 : 0.20723803080898264839 0.34228406628602797701 0.07645698670748500569 0.22791616440613082784 0.14610475079137355547 0.00000000099999999999
80 80 (0) 7 : 0.50180490587140180736 0.00000000099999999995 0.30525510444263154186 0.00000000099999999995 0.19293998668596673562 0.00000000099999999995
81 81 (0) 7 : 0.26077522003469161271 0.00000000099999999999 0.26242784896854109977 0.11887507247941046795 0.35792185651735680674 0.00000000099999999999
82 82 (0) 7 : 0.57966690562618039539 0.00000000099999999996 0.09012592529659668728 0.00000000099999999996 0.22673106558597480586 0.10347610149124819579
83 83 (0) 7 : 0.54870158864827478506 0.00000000099999999995 0.12895610551819952638 0.00000000099999999995 0.32234230283352577340 0.00000000099999999995
84 84 (0) 7 : 0.77976200287230623687 0.00000000099999999998 0.18646700857581091637 0.00000000099999999998 0.03377098555188286222 0.00000000099999999998
85 85 (0) 6 : 0.13817721675648322877 0.42195861882065688331 0.35637542161424001774 0.00000000099999999997 0.00000000099999999997 0.08348874080861995450
86 86 (0) 6 : 0.17282068902584868386 0.17656009350536625013 0.34905152710459552701 0.12866890656340859711 0.03036594454249425326 0.14253283925828688639
87 87 (0) 6 : 0.08288796052944132076 0.05393286962093208486 0.24299679405784993524 0.62018237379177676427 0.00000000099999999997 0.00000000099999999997
88 88 (0) 6 : 0.00000000099999999997 0.59117769638999884130 0.40042918642005265184 0.00839311418994861426 0.00000000099999999997 0.00000000099999999997
89 89 (0) 6 : 0.00000000099999999995 0.00000000099999999995 0.43504564354234420698 0.56495435245765579513 0.00000000099999999995 0.00000000099999999995
90 90 (0) 6 : 0.18441842119405377209 0.28702673081371271602 0.39969437000910518210 0.11250730038561453095 0.01635317659751367447 0.00000000100000000000
91 91 (0) 6 : 0.00001138719598937707 0.34868435169999134615 0.35815677553399283273 0.27036866550139188048 0.00000000100000000000 0.02277881906863450309
92 92 (0) 6 : 0.00000000099999999997 0.00000000099999999997 0.55551820828870190905 0.34891474840553821091 0.09556704030575989550 0.00000000099999999997
93 93 (0) 7 : 0.25715233597094860896 0.14389632353829059919 0.23535837188096336847 0.35650028292383406647 0.00709268468596341035 0.00000000099999999999
94 94 (0) 7 : 0.40184019139007898236 0.00000000099999999990 0.59815980460992113077 0.00000000099999999990 0.00000000099999999990 0.00000000099999999990
95 95 (0) 6 : 0.07340848225787661996 0.05958071668214141858 0.69566862247938110464 0.05299435421143915137 0.00000000099999999999 0.11834782336916151169
96 96 (0) 6 : 0.00000000099999999992 0.00000000099999999992 0.99999999500000003039 0.00000000099999999992 0.00000000099999999992 0.00000000099999999992
97 97 (0) 6 : 0.30101042659170940130 0.00000000099999999997 0.67459872517964225569 0.00000000099999999997 0.00000000099999999997 0.02439084522864827867
98 98 (0) 6 : 0.19543949995922535456 0.00000000100000000000 0.53429863760833984365 0.05477081479917009915 0.01216427855806115517 0.20332676807520363993
99 99 (0) 6 : 0.00000000099999999997 0.00000000099999999997 0.43941114276552434292 0.46114919813939897475 0.00000000099999999997 0.09943965609507680881
100 100 (0) 6 : 0.00000000099999999996 0.19670705585342246335 0.56139300894167087908 0.24189993220490657588 0.00000000099999999996 0.00000000099999999996
101 101 (0) 6 : 0.09038676820765061126 0.00000000099999999997 0.75434140445126385277 0.00000000099999999997 0.00000000099999999997 0.15527182434108557918
102 102 (0) 6 : 0.00000000099999999997 0.15340733875960352317 0.62805841085213487407 0.00000000099999999997 0.00000000099999999997 0.21853424738826157658
103 103 (0) 8 : 0.00000000099999999997 0.00000000099999999997 0.15010778436885391374 0.23409261371537701257 0.61579959891576907527 0.00000000099999999997
104 104 (0) 8 : 0.03840724982321841452 0.23818434361723297976 0.00000000099999999999 0.44108360952926378706 0.28232479503028473644 0.00000000099999999999
105 105 (0) 8 : 0.00000000099999999995 0.00000000099999999995 0.00000000099999999995 0.45172828165211181828 0.54827171434788823934 0.00000000099999999995
106 106 (0) 8 : 0.35267997028648684354 0.60123967413510814861 0.00000000099999999998 0.04605967597562989069 0.00002067760277517193 0.00000000099999999998
107 107 (0) 8 : 0.50228883302513138709 0.46229654044033513527 0.00000000099999999997 0.00000000099999999997 0.03541462353453357637 0.00000000099999999997
108 108 (0) 8 : 0.48785458339534648609 0.00000000099999999996 0.00000000099999999996 0.45411002189403482099 0.05803539171061868757 0.00000000099999999996
109 109 (0) 8 : 0.00041462638545006111 0.09050660212165057006 0.00000000099999999999 0.53496740611572501933 0.37411136337717426636 0.00000000099999999999
110 110 (0) 8 : 0.00000000099999999996 0.00000000099999999996 0.00000000099999999996 0.66561561982430694773 0.33438437617569310989 0.00000000099999999996
111 111 (0) 8 : 0.00000000099999999999 0.26342895281932243723 0.00000000099999999999 0.00000000099999999999 0.58883925269486903087 0.14773179148580853348
112 112 (0) 8 : 0.00216045421012671206 0.21293462702335072545 0.00000000099999999999 0.30034051576867759614 0.37606544092894927944 0.10849896106889583836
113 113 (0) 8 : 0.04423493112437803382 0.34974460286518804786 0.00000000099999999999 0.36193990968908740236 0.24408055432134648233 0.00000000099999999999
114 114 (0) 8 : 0.37337785354577190944 0.19784052590159126317 0.00000000099999999999 0.09025602435865294482 0.11336265325962438522 0.22516294193435962279
115 115 (0) 8 : 0.40194116454268252747 0.00000000099999999993 0.28854591118232769675 0.00000000099999999993 0.30951292127498963858 0.00000000099999999993
116 116 (0) 8 : 0.00000238086639510993 0.04173787794471642276 0.00000000099999999996 0.94444445199709237126 0.01381528719179618038 0.00000000099999999996
117 117 (0) 8 : 0.19078727612495741117 0.36216057958017550122 0.00800050914870450297 0.00000000099999999999 0.39086155892057156125 0.04819007522559119738
118 118 (0) 8 : 0.00000171671771814028 0.51093443214965106325 0.00000000099999999999 0.00000000099999999999 0.36491554051502339551 0.12414830861760729752
119 119 (0) 8 : 0.21090792214155754114 0.71848048517240670208 0.00000000099999999999 0.01659279541141724448 0.05401879527461840580 0.00000000099999999999
120 120 (0) 8 : 0.09940378585682926871 0.64498101570031252106 0.05751038097670332222 0.00000000099999999998 0.19810481546615504866 0.00000000099999999998
121 121 (0) 8 : 0.11517107517741874412 0.38111538316414828031 0.00000000099999999997 0.36208578482400249898 0.14162775483443051927 0.00000000099999999997
122 122 (0) 8 : 0.33747682283203900289 0.00000000099999999999 0.00000000099999999999 0.31241835244379650982 0.27617738071336961347 0.07392744201079476385
123 123 (0) 8 : 0.07836629541979309166 0.48959670585878206639 0.14996798576253855817 0.03575007968142425441 0.23495076132178138728 0.01136817195568059873
124 124 (0) 8 : 0.44968217209418387403 0.00000275883108903459 0.36303716300556709839 0.00000000099999999999 0.10567746665188164357 0.08160043841727843139
125 125 (0) 8 : 0.21196852350239764329 0.40345111734378208412 0.00000000099999999999 0.08036537086680169140 0.08708718331613213293 0.21712780397088646267
126 126 (0) 3 : 0.24794100844952268736 0.00002591567180773334 0.00000000100000000000 0.46529396621386703847 0.28673910766480265044 0.00000000100000000000
127 127 (0) 3 : 0.02817359518037795829 0.08633379600161050771 0.00000000099999999998 0.88549260581801159109 0.00000000099999999998 0.00000000099999999998
128 128 (0) 3 : 0.19080591537205116026 0.53665668928623300182 0.00000000099999999998 0.04535361970951097554 0.22718377363220484955 0.00000000099999999998
129 129 (0) 3 : 0.20615157946636278319 0.37887412278912085961 0.00000000099999999999 0.32983371514535103630 0.08514058059916523868 0.00000000099999999999
130 130 (0) 3 : 0.22630036485156368453 0.00000000099999999998 0.00000000099999999998 0.65966860955262152100 0.11403102259581469891 0.00000000099999999998
131 131 (0) 3 : 0.25270003555465847533 0.50283556348973790229 0.00000000099999999998 0.00000000099999999998 0.24446439795560354069 0.00000000099999999998
132 132 (0) 3 : 0.27750827815864365089 0.41953562405837446780 0.00000000099999999996 0.11098707655095824132 0.19196901923202353002 0.00000000099999999996
133 133 (0) 3 : 0.41972942394457229964 0.24325640688878183426 0.00000000099999999999 0.23422607148542107236 0.10278809568122483642 0.00000000099999999999
134 134 (0) 3 : 0.40698032881172352404 0.27624171827737581397 0.09067228845108572799 0.02067920626485498029 0.20542645719495980505 0.00000000099999999999
135 135 (0) 3 : 0.39280589254479475469 0.11520086979075655487 0.09493603450302214031 0.00000000099999999999 0.39637463019597246605 0.00068257196545424507
136 136 (0) 3 : 0.11866146006856879980 0.42864164834276935467 0.00000000099999999998 0.00000000099999999998 0.45269688858866174996 0.00000000099999999998
137 137 (0) 3 : 0.00000000099999999997 0.46766651224194211167 0.00000000099999999997 0.00000000099999999997 0.53233348375805766839 0.00000000099999999997
138 138 (0) 3 : 0.13451801247368982972 0.49775720032281228766 0.00114556157272439354 0.00000000099999999998 0.36657922363077355410 0.00000000099999999998
139 139 (0) 3 : 0.15693066324606647077 0.44194685258136062744 0.00000000100000000000 0.16255325885172497435 0.16203917357339231442 0.07653005074745568292
140 140 (0) 3 : 0.01198755831377370205 0.00000000099999999999 0.00000000099999999999 0.60844604130011026299 0.37956639738611586132 0.00000000099999999999
141 141 (0) 3 : 0.31907792950767727147 0.55000872058085481520 0.00000000099999999998 0.00000000099999999998 0.13091334691146785940 0.00000000099999999998
142 142 (0) 3 : 0.44328498027058077513 0.30863856807317957553 0.00000000099999999996 0.24807644865623970643 0.00000000099999999996 0.00000000099999999996
143 143 (0) 3 : 0.19024872293678363189 0.49159402684402964123 0.00000000099999999996 0.00000000099999999996 0.31815724721918664519 0.00000000099999999996
144 144 (0) 3 : 0.00000000099999999997 0.00000000099999999997 0.00000000099999999997 0.65750741499462139750 0.34249258100537866012 0.00000000099999999997
145 145 (0) 3 : 0.49905677766492989589 0.34130996636565019697 0.00000000099999999998 0.15963325296942010301 0.00000000099999999998 0.00000000099999999998
146 146 (0) 3 : 0.21937157792113864963 0.48561428527657229948 0.00000000099999999998 0.29501413380228908023 0.00000000099999999998 0.00000000099999999998
147 147 (0) 3 : 0.16623233189481023686 0.38574095380800571542 0.00000000099999999997 0.00000000099999999997 0.44802671129718413257 0.00000000099999999997
148 148 (0) 3 : 0.46036363258541718180 0.46896788020453905599 0.03595314827973510041 0.00000000099999999999 0.03471533693030866286 0.00000000099999999999
149 149 (0) 3 : 0.18589990549165735789 0.68507682366332667279 0.00000000099999999998 0.00000000099999999998 0.12902326784501594314 0.00000000099999999998
150 150 (0) 3 : 0.40784133743689543472 0.34157820145126355227 0.00000000099999999998 0.00000000099999999998 0.07563332323341410979 0.17494713587842705693
151 151 (0) 3 : 0.36050180785223184809 0.57418659993385312568 0.00000000099999999998 0.00000000099999999998 0.06531158921391509720 0.00000000099999999998
152 152 (0) 3 : 0.18463328677089102525 0.14465968748335339411 0.02096985272427993527 0.34134878181664884966 0.30838839020482677888 0.00000000099999999999
153 153 (0) 8 : 0.34450557438792922538 0.00000000099999999997 0.00000000099999999997 0.41460432343958125712 0.11242003395156012491 0.12847006622092915773
154 154 (0) 8 : 0.44052372611080453657 0.00000000099999999995 0.32587555888061459086 0.00000000099999999995 0.23360071200858098517 0.00000000099999999995
155 155 (0) 8 : 0.05278206270592004923 0.44827431871699385812 0.00000000099999999998 0.28328761873453667253 0.21565599784254949056 0.00000000099999999998
156 156 (0) 8 : 0.26980962832768506932 0.33337465134252280974 0.22794542599105693803 0.00000000100000000000 0.01168791334472583758 0.15718237999400913596
157 157 (0) 8 : 0.04947906870783418815 0.23165051465957389731 0.00000000099999999999 0.31542454507930650642 0.31283064969147961198 0.09061522086180588686
158 158 (0) 8 : 0.18542284237203537911 0.15020161010941807112 0.01829086023059227004 0.30989904768572951177 0.33618563860222477890 0.00000000100000000000
159 159 (0) 8 : 0.02906868616495616661 0.12606662280597508152 0.00000000100000000000 0.15478279665316629909 0.51221566011794050777 0.17786623325796188655
160 160 (0) 1 : 0.00000000099999999999 0.64612315222400129588 0.31797411118999330260 0.00000000099999999999 0.03590273358600553494 0.00000000099999999999
161 161 (0) 1 : 0.00000000099999999998 0.24573861068955313303 0.19701447460442517157 0.32857213606616259005 0.00000000099999999998 0.22867477663985921743
162 162 (0) 1 : 0.00000000099999999999 0.64474953056399753049 0.16753131474548849100 0.00000000099999999999 0.00000000099999999999 0.18771915169051420214
163 163 (0) 1 : 0.00000000099999999995 0.14728468721099696737 0.43851402940802552965 0.41420128038097758782 0.00000000099999999995 0.00000000099999999995
164 164 (0) 1 : 0.00000000099999999996 0.78137441309829847036 0.16154218693228400427 0.05708339696941755470 0.00000000099999999996 0.00000000099999999996
165 165 (0) 1 : 0.00000000099999999999 0.29404937445472306701 0.22845497692659094691 0.25582057813359293519 0.22167506848509305195 0.00000000099999999999
166 166 (0) 1 : 0.00000000099999999998 0.65183642000042607556 0.32509578035835801080 0.02306779664121582155 0.00000000099999999998 0.00000000099999999998
167 167 (0) 1 : 0.00000000099999999996 0.85228711746506702340 0.04092091171729608096 0.10679196781763689028 0.00000000099999999996 0.00000000099999999996
168 168 (0) 2 : 0.00000000099999999998 0.10543811512020699606 0.04347041077496080486 0.70225906110445546204 0.00000000099999999998 0.14883241100037666871
169 169 (0) 2 : 0.16156637558981953862 0.68871854883833527605 0.07935552226286890498 0.00000000099999999999 0.07035955130897622589 0.00000000099999999999
170 170 (0) 2 : 0.09116251527972991930 0.65065448961878957768 0.09749224538994535894 0.07842126007549005129 0.08226948863604503781 0.00000000100000000000
171 171 (0) 2 : 0.24244946052541621606 0.00000000099999999998 0.00000000099999999998 0.55867907905913960498 0.04043925282906472157 0.15843220558637940987
172 172 (0) 2 : 0.02673323486068986815 0.76448858251887530368 0.02795983529160878112 0.17642254456004305418 0.00439580176878299079 0.00000000100000000000
173 173 (0) 2 : 0.00000000099999999996 0.00000000099999999996 0.00000000099999999996 0.82622322675844850348 0.17377676924155138760 0.00000000099999999996
174 174 (0) 2 : 0.00000000099999999998 0.36813090052526892260 0.33682447113277724782 0.20165423630739820471 0.00000000099999999998 0.09339039003455570920
175 175 (0) 2 : 0.30513422519943494970 0.07343534163823975391 0.00000000099999999998 0.24392175634167709286 0.00000000099999999998 0.37750867482064826008
176 176 (0) 1 : 0.06854594051676028699 0.35617644034185302893 0.10243548545145100825 0.47234646611444980335 0.00049566657548584330 0.00000000100000000000
177 177 (0) 1 : 0.00000000099999999999 0.31055433465131393467 0.44923161846444953360 0.00000000099999999999 0.00000000099999999999 0.24021404388423647780
178 178 (0) 1 : 0.09531869831399429616 0.00000000099999999999 0.39508372805968133834 0.50935527844988726098 0.00024229317643710002 0.00000000099999999999
179 179 (0) 1 : 0.00000000099999999996 0.17760536416877364951 0.60358376816400782783 0.21881086466721844097 0.00000000099999999996 0.00000000099999999996
180 180 (0) 1 : 0.00000000099999999996 0.00000000099999999996 0.48064598802093982943 0.48854388934294229463 0.00000000099999999996 0.03081011963611797119
181 181 (0) 1 : 0.00000000099999999993 0.00000000099999999993 0.82514688092127463914 0.00000000099999999993 0.00000000099999999993 0.17485311507872539072
182 182 (0) 2 : 0.00335084120846345680 0.00000000100000000000 0.25188469380541694820 0.54023109609781982954 0.00365911959288640724 0.20087424829541353222
183 183 (0) 2 : 0.11219902562356083575 0.73878471613755747338 0.14901625523888176184 0.00000000099999999999 0.00000000099999999999 0.00000000099999999999
184 184 (0) 2 : 0.00000000099999999995 0.00000000099999999995 0.00000000099999999995 0.83612832049725971384 0.00000000099999999995 0.16387167550274034378
185 185 (0) 2 : 0.08216258826654804226 0.87404734891706936661 0.00000000099999999997 0.00626909088685167690 0.00000000099999999997 0.03752096992953104365
186 186 (0) 2 : 0.11991027539037456273 0.00000000099999999995 0.00000000099999999995 0.48989354729072431827 0.00000000099999999995 0.39019617431890135650
187 187 (0) 1 : 0.00000000099999999993 0.00000000099999999993 0.05376109076700049533 0.57183699324124004360 0.00000000099999999993 0.37440191299175956674
188 188 (0) 1 : 0.22009280894216445845 0.35889185609848783809 0.39740571358528381518 0.00000000099999999999 0.00163895517681853409 0.02197066519724527253
189 189 (0) 1 : 0.00000000099999999997 0.00000000099999999997 0.28957538785582359608 0.04450427070605784963 0.21122326386072826088 0.45469707557739030834
190 190 (0) 1 : 0.00000000099999999998 0.38264282075002048478 0.52889984026848468890 0.00000000099999999998 0.00000000099999999998 0.08845733598149495280
191 191 (0) 1 : 0.00000000099999999994 0.00000000099999999994 0.19688662483811267268 0.73949863886054600925 0.00000000099999999994 0.06361473330134136128
192 192 (0) 1 : 0.00000000099999999995 0.32681855541509613472 0.53164421379373694165 0.00000000099999999995 0.00000000099999999995 0.14153722779116689745
193 193 (0) 1 : 0.00000000099999999999 0.35178987754227464269 0.56335112413435739498 0.00139400208041060925 0.00000000099999999999 0.08346499424295732161
194 194 (0) 1 : 0.00000000099999999998 0.00000000099999999998 0.44951148879097085898 0.49651777391126111771 0.05397073429776806652 0.00000000099999999998
195 195 (0) 2 : 0.00000000099999999996 0.36288362046577732345 0.21558853267927607922 0.42152784385494673769 0.00000000099999999996 0.00000000099999999996
196 196 (0) 2 : 0.10209986058513041696 0.00000000099999999999 0.05399588476231888257 0.53092802325759591575 0.12326382982359546103 0.18971240057135924095
197 197 (0) 2 : 0.03996231884670713164 0.54934020739390232446 0.30791094877560987175 0.00000000099999999999 0.02679515989241338866 0.07599136409136725279
198 198 (0) 2 : 0.15652587615510327179 0.44116238423392850621 0.21223299158615968607 0.14604307622356782481 0.04403567080124081573 0.00000000099999999999
199 199 (0) 2 : 0.02439745332497118141 0.74096600164712644876 0.15723629098748265198 0.00000000099999999998 0.00000000099999999998 0.07740025204041961482
200 200 (0) 2 : 0.00000000099999999998 0.11330873879183263331 0.00000000099999999998 0.88669125720816732716 0.00000000099999999998 0.00000000099999999998
201 201 (0) 2 : 0.13585099489649477000 0.10077091412496338996 0.07290564590482377649 0.59411069747160227816 0.00000000099999999999 0.09636174660211571652
202 202 (0) 2 : 0.00000000099999999998 0.69818546596864949905 0.10454117886590109932 0.00000000099999999998 0.12741295458228077409 0.06986039858316867024
203 203 (0) 2 : 0.00000000099999999997 0.71838781430899489866 0.09248279768380117394 0.14036271587495172120 0.00000000099999999997 0.04876667013225235298
204 204 (0) 2 : 0.00821794568357839088 0.83799577475938114013 0.00000000099999999999 0.15378627655704041333 0.00000000099999999999 0.00000000099999999999
205 205 (0) 2 : 0.00000000099999999997 0.78024081880504281283 0.19031148455396795782 0.02944769364098925521 0.00000000099999999997 0.00000000099999999997
206 206 (0) 2 : 0.13138421814998432757 0.45268389105329503996 0.04716467438898364062 0.12549049582341539888 0.19567079776791945767 0.04760592281640210061
207 207 (0) 2 : 0.03028139344419252671 0.48446158485844659225 0.01963398639067085935 0.43823889947528260613 0.02738413483140731547 0.00000000100000000000
208 208 (0) 9 : 0.00000000099999999999 0.29744898600254060517 0.04446571116114740596 0.48561517741026011263 0.00000000099999999999 0.17247012342605189117
209 209 (0) 9 : 0.00000000099999999999 0.00000000099999999999 0.06984261890364537595 0.54072222821952775629 0.17663961489866367160 0.21279553597816330823
210 210 (0) 9 : 0.07116863654625195379 0.45360291623846010767 0.00000000099999999999 0.00000000099999999999 0.00000214048725293084 0.47522630472803512047
211 211 (0) 9 : 0.00000000099999999999 0.00000000099999999999 0.08605844930337371024 0.30167046371590272580 0.13407881193514073481 0.47819227304558298286
212 212 (0) 9 : 0.08515900103741844140 0.00000000099999999998 0.00000000099999999998 0.48218821548485840678 0.01822796626060789460 0.41442481521711532766
213 213 (0) 9 : 0.00016596418719807965 0.53666691015519507602 0.00000000099999999999 0.00000000099999999999 0.07355146954582769681 0.38961565411177911944
214 214 (0) 9 : 0.06789071790376952076 0.16291206658452400680 0.00000000099999999999 0.50966965029712396618 0.00000000099999999999 0.25952756321458253508
215 215 (0) 9 : 0.00000000099999999997 0.58931512076577818871 0.00000000099999999997 0.00000000099999999997 0.00000000099999999997 0.41068487523422197993
216 216 (0) 9 : 0.00000000099999999988 0.00000000099999999988 0.00000000099999999988 0.00000000099999999988 0.00000000099999999988 0.99999999499999991937
217 217 (0) 9 : 0.00000000099999999999 0.75184977200121516638 0.03461736449868183657 0.00000000099999999999 0.09694648591696045092 0.11658637558314259575
218 218 (0) 9 : 0.19069176845502125439 0.00000000099999999997 0.00000000099999999997 0.25305523531372087209 0.22151218550095710946 0.33474080873030070959
219 219 (0) 9 : 0.00000000099999999994 0.76696452494405309430 0.00000000099999999994 0.00000000099999999994 0.00000000099999999994 0.23303547105594690780
220 220 (0) 9 : 0.00000000099999999998 0.00786114497016527324 0.00000000099999999998 0.62601588792455575838 0.00000000099999999998 0.36612296410527894741
221 221 (0) 9 : 0.03076494358811904251 0.66852357459043809662 0.02928347407579959955 0.27142800574564340810 0.00000000099999999999 0.00000000099999999999
222 222 (0) 9 : 0.00000000099999999998 0.34440487166030164801 0.08605447475084612718 0.40800745977665625608 0.00000000099999999998 0.16153319181219599754
223 223 (0) 9 : 0.00000000099999999996 0.00000000099999999996 0.00000000099999999996 0.76694285658024874408 0.10524255461663609146 0.12781458580311499951
224 224 (0) 9 : 0.05125966823671807004 0.65628904165359303047 0.00000000099999999997 0.00000000099999999997 0.00000000099999999997 0.29245128710968903984
225 225 (0) 9 : 0.02721809275187809726 0.97278190324812197076 0.00000000099999999998 0.00000000099999999998 0.00000000099999999998 0.00000000099999999998
226 226 (0) 9 : 0.00000000434615929377 0.56097050322923258658 0.18934531898954828910 0.00000000100000000000 0.04003568414453297086 0.20964848829052687429
227 227 (0) 9 : 0.00000000099999999995 0.00000000099999999995 0.00000000099999999995 0.00000000099999999995 0.00000000099999999995 0.99999999499999991937
228 228 (0) 9 : 0.00000000099999999996 0.52507994465538077034 0.00000000099999999996 0.24769109802777297680 0.00000000099999999996 0.22722895431684628220
229 229 (0) 9 : 0.05798469865330146272 0.83899500063301157837 0.00000000099999999999 0.00000000099999999999 0.00000000099999999999 0.10302029771368714783
230 230 (0) 9 : 0.00000000099999999997 0.52567301100892604993 0.04325185135450139440 0.00000000099999999997 0.00000000099999999997 0.43107513463657265440
231 231 (0) 9 : 0.00000000099999999998 0.59451287092470384010 0.20935240235939367448 0.00000000099999999998 0.00000000099999999998 0.19613472371590254251
232 232 (0) 9 : 0.00000000099999999996 0.35904498162206904821 0.00000000099999999996 0.48513775094257743925 0.00000000099999999996 0.15581726443535348636
233 233 (0) 9 : 0.00000000099999999996 0.00000000099999999996 0.00000000099999999996 0.00000000099999999996 0.00000000099999999996 0.99999999499999991937
234 234 (0) 9 : 0.00000000099999999994 0.68941046142065409708 0.00000000099999999994 0.01141104672148359270 0.00000000099999999994 0.29917848885786257895
235 235 (0) 9 : 0.00000000099999999997 0.45493224625290945573 0.00000000099999999997 0.26525807814644003502 0.00000000099999999997 0.27980967260065053859
236 236 (0) 9 : 0.00000000099999999999 0.46688081467772868383 0.14946435144506467485 0.00000000099999999999 0.06394012420098436900 0.31971470767622223175
237 237 (0) 10 : 0.00000000099999999999 0.26600764808683008411 0.17209921369740935337 0.00000000099999999999 0.27104800100650322525 0.29084513520925736607
238 238 (0) 10 : 0.00000000099999999998 0.64795754290706830680 0.11766132474911515648 0.00007004207109152719 0.00000000099999999998 0.23431108827272509321
239 239 (0) 10 : 0.00000000099999999997 0.99999989252517684779 0.00000000099999999997 0.00000000099999999997 0.00000000099999999997 0.00000010347482331163
240 240 (0) 10 : 0.00000000099999999997 0.00000000099999999997 0.00000000099999999997 0.84766296116953043782 0.00000000099999999997 0.15233703483046959204
241 241 (0) 10 : 0.00000000099999999998 0.00000000099999999998 0.06811709899034568139 0.71931995715569763128 0.00000000099999999998 0.21256294085395668891
242 242 (0) 10 : 0.09927732551630186197 0.65501351278034081194 0.03033318410606956200 0.00000000099999999999 0.00000000099999999999 0.21537597559728785535
243 243 (0) 10 : 0.00000000099999999998 0.92221368702574435527 0.00000000099999999998 0.00000000099999999998 0.00000000099999999998 0.07778630897425568846
244 244 (0) 10 : 0.00000000099999999994 0.00000000099999999994 0.18195296252897011358 0.23705449159888983268 0.00000000099999999994 0.58099254287213997205
245 245 (0) 10 : 0.00000000099999999999 0.11085761455330694902 0.08911423577303285992 0.16351901151262954182 0.00000000099999999999 0.63650913616103066417
246 246 (0) 10 : 0.00000000099999999994 0.00000000099999999994 0.00000000099999999994 0.00000000099999999994 0.48540565172640004477 0.51459434427359984632
247 247 (0) 10 : 0.00000000099999999999 0.41452425151542676707 0.15633802550509640072 0.00000000099999999999 0.02936392083381647936 0.39977380014566055166
248 248 (0) 10 : 0.00000000099999999999 0.18251009932150119575 0.00000000099999999999 0.00000000099999999999 0.56620532912659282676 0.25128456855190606234
249 249 (0) 10 : 0.00219118461790636463 0.58558278129814878010 0.32488455114840708582 0.00000000099999999999 0.00000000099999999999 0.08734148093553791015
250 250 (0) 10 : 0.09817888987208350793 0.27216800728546503008 0.30854176038442160390 0.19654823866695905754 0.12456310279107074557 0.00000000100000000000
251 251 (0) 10 : 0.00000000099999999996 0.00000000099999999996 0.61393190023905475083 0.00000000099999999996 0.00000000099999999996 0.38606809576094514025
252 252 (0) 10 : 0.11447497937722619921 0.31511844055355309191 0.04464895186061034610 0.21986525696122236062 0.11331165896514271141 0.19258071228224524218
253 253 (0) 10 : 0.00000000099999999999 0.36952334540967424203 0.00000000099999999999 0.00000000099999999999 0.00000000099999999999 0.63047665059032564905
254 254 (0) 10 : 0.00000000099999999998 0.15871457730057658697 0.12052759314626401710 0.37329961246515158679 0.00000000099999999998 0.34745821508800778243
255 255 (0) 10 : 0.28095335403875254521 0.00000000099999999997 0.41923512376301041993 0.00000000099999999997 0.00000000099999999997 0.29981151919823700869
256 256 (0) 10 : 0.00239593162313493212 0.00000000099999999999 0.40500065202889884430 0.00000000099999999999 0.06420901033736248209 0.52839440401060366881
257 257 (0) 10 : 0.00000000099999999998 0.00000000099999999998 0.14132611526730340379 0.53425798131436075256 0.17195204949668357886 0.15246385192165229361
258 258 (0) 10 : 0.00000000099999999997 0.00000000099999999997 0.17604062708012138683 0.00000000099999999997 0.17264562206507791386 0.65131374785480078415
259 259 (0) 10 : 0.00000000099999999998 0.00000000099999999998 0.13049563953373494174 0.38594603680995032136 0.16472080648556605698 0.31883751517074854220
260 260 (0) 10 : 0.00000000099999999999 0.58468367929519704518 0.00000000099999999999 0.00000000099999999999 0.01946962123607292802 0.39584669646873016369
261 261 (0) 10 : 0.00000000099999999996 0.00000000099999999996 0.01463341410344484207 0.62663023021697217274 0.00000000099999999996 0.35873635267958320361
262 262 (0) 10 : 0.02121106804552113853 0.37106757431301951033 0.16393270283871017035 0.00000000099999999999 0.00000000099999999999 0.44378865280274920613
263 263 (0) 10 : 0.21460402720998505988 0.09656636670023019398 0.42770295999144825050 0.00000000099999999999 0.00000000099999999999 0.26112664409833669099
264 264 (0) 11 : 0.53735752129998926030 0.00000000099999999995 0.00000000099999999995 0.00000000099999999995 0.23631466567321193772 0.22632781002679877580
265 265 (0) 11 : 0.22430418323134893033 0.43372670603762564223 0.00000000099999999996 0.00000000099999999996 0.00000000099999999996 0.34196910773102545678
266 266 (0) 11 : 0.99999932918110689961 0.00000000099999999995 0.00000000099999999995 0.00000000099999999995 0.00000000099999999995 0.00000066681889312227
267 267 (0) 11 : 0.44675856711035200064 0.00000000099999999998 0.00000000099999999998 0.41461609600565624278 0.01507940331136949086 0.12354593157262208636
268 268 (0) 11 : 0.56051274075276369402 0.00000000099999999993 0.00000000099999999993 0.03790312489510265503 0.00000000099999999993 0.40158413135213383294
269 269 (0) 11 : 0.54377175498248708774 0.00000000099999999994 0.00000000099999999994 0.00000000099999999994 0.17185130837830064898 0.28437693363921240364
270 270 (0) 11 : 0.62311566697971998430 0.20020513199323120013 0.00000000099999999996 0.00000000099999999996 0.00000000099999999996 0.17667919802704887267
271 271 (0) 11 : 0.37173407327218599416 0.00000000099999999993 0.00000000099999999993 0.10884059110082400235 0.00000000099999999993 0.51942533262698986629
272 272 (0) 11 : 0.47257899162999073006 0.00000000099999999991 0.00000000099999999991 0.00000000099999999991 0.00000000099999999991 0.52742100437000916102
273 273 (0) 12 : 0.02335012475264833937 0.70221369656621812627 0.00000000100000000000 0.20308807462187572490 0.02463009994188677595 0.04671800311737108607
274 274 (0) 12 : 0.00000000099999999999 0.18944631602664746550 0.00000000099999999999 0.67186181737406036607 0.08072445756306788345 0.05796740703622432073
275 275 (0) 12 : 0.00000000099999999992 0.51599701080547966114 0.00000000099999999992 0.48400298519452045198 0.00000000099999999992 0.00000000099999999992
276 276 (0) 12 : 0.00000000099999999993 0.00000000099999999993 0.00000000099999999993 0.99999999499999991937 0.00000000099999999993 0.00000000099999999993
277 277 (0) 12 : 0.00000000099999999997 0.36927056619857584474 0.08045784127215536985 0.00000000099999999997 0.00000000099999999997 0.55027158952926868984
278 278 (0) 12 : 0.00000000099999999998 0.29677738388218399823 0.00000000099999999998 0.46390978617848893650 0.09686949429420492474 0.14244333364512207218
279 279 (0) 12 : 0.00000000099999999999 0.12982999886767565556 0.00449058734686623440 0.70788380890975866055 0.05563684355936088927 0.10215876031633867871
280 280 (0) 12 : 0.00000000099999999999 0.80595830695728265525 0.07774285790926246942 0.00000000099999999999 0.11629883154074069362 0.00000000159271427652
281 281 (0) 12 : 0.00000079109415432522 0.24669201202168930531 0.09923200670239658294 0.45734384179110593172 0.02932108562611553809 0.16741026276453835342
282 282 (0) 12 : 0.53265392714565218402 0.00000000099999999997 0.33753121545420811112 0.00000000099999999997 0.00000000099999999997 0.12981485440013973420
283 283 (0) 12 : 0.02193555678642127721 0.78969441202131984703 0.00000000100000000000 0.18778498684978048305 0.00058503223040453690 0.00000001111207387049
284 284 (0) 12 : 0.00000000374467839656 0.00000000099999999999 0.00000000099999999999 0.70043379033594266314 0.29956620291937879896 0.00000000099999999999
285 285 (0) 12 : 0.00000000099999999997 0.03246005566876317833 0.00000000099999999997 0.96753994033123680296 0.00000000099999999997 0.00000000099999999997
286 286 (0) 12 : 0.11190055828269970806 0.00000000099999999995 0.00000000099999999995 0.39838006948225873627 0.00000000099999999995 0.48971936923504172379
287 287 (0) 12 : 0.00000000099999999998 0.51315655759908707090 0.05573449178139736754 0.30361718342245747060 0.00000000099999999998 0.12749176519705804345
288 288 (0) 12 : 0.00000000099999999993 0.22161494303259948735 0.00000000099999999993 0.25849087706597589920 0.00000000099999999993 0.51989417690142458728
289 289 (0) 12 : 0.00000000099999999998 0.70497340560496135620 0.00653396263998857162 0.02955520599096504025 0.00000000099999999998 0.25893742376408507289
290 290 (0) 12 : 0.12803943937562822786 0.00000000100000000000 0.12403189149634961941 0.11051317645219498054 0.12735078195577598237 0.51006470972005113484
291 291 (0) 12 : 0.15311811750021961376 0.53459642890159964068 0.00000000099999999999 0.09084042710661409392 0.00586677116747329024 0.21557825432409352673
292 292 (0) 12 : 0.00000000099999999996 0.76793316846677006637 0.00000000099999999996 0.00000000099999999996 0.00000000099999999996 0.23206682753323001900
293 293 (0) 12 : 0.00000000099999999993 0.03504342162437124042 0.00000000099999999993 0.50602526019213045494 0.00000000099999999993 0.45893131518349838949
294 294 (0) 12 : 0.00000000099999999998 0.10826710077833233414 0.09051554163119297780 0.46462166107620367361 0.00000000099999999998 0.33659569451427118203
295 295 (0) 12 : 0.00000000099999999999 0.31260085954442712319 0.00806147501270701450 0.49421931886180625604 0.00000000099999999999 0.18511834458105966283
296 296 (0) 12 : 0.19904540389410640966 0.61680796136670346108 0.00000000099999999995 0.01447435638040518030 0.00000000099999999995 0.16967227635878492920
297 297 (0) 12 : 0.00571791855707018924 0.22271979080731862943 0.00000000099999999997 0.67140091425136849690 0.00000000099999999997 0.10016137438424276007
298 298 (0) 12 : 0.00000000099999999998 0.00000000099999999998 0.12651982837255792980 0.67029514881384721914 0.05872756797847556581 0.14445745283511923773
299 299 (0) 12 : 0.00000000099999999999 0.23100865469466463908 0.16119754764354984888 0.17211913090189176478 0.25272453662632909932 0.18295012913356473172
300 300 (0) 12 : 0.00000000099999999996 0.00000000099999999996 0.00000000099999999996 0.99093469530219246977 0.00000000099999999996 0.00906530069780740050
