-------------------------------------------------------------------------------
 L       Percentage of nodes in the largest component
 D       Percentage of nodes in components of size at most 3 [-div option]
 R       Percentage of nodes not in L or D: 100 - L -D
 S       Percentage of nodes that are singletons
 E       Fraction of edges retained (input graph has 380)
 cce     Expected size of component, nodewise [ sum(sz^2) / sum^2(sz) ]
 EW      Edge weight traits (mean, median and IQR)
 ND      Node degree traits [mean, median and IQR]
 CCF     Clustering coefficient (scale 1-100)
 eff     Induced component efficiency relative to start graph (scale 1-1000)
Total number of nodes: 20
----------------------------------------------------------------------------------------------
  L   D   R   S     E     cce  EWmean   EWmed   EWiqr  NDmean   NDmed  NDiqr CCF  eff  Cutoff 
----------------------------------------------------------------------------------------------
100   0   0   0 1.000      20    0.78    0.77    0.08    19.0    19.5    0.5   -    -     0.50
100   0   0   0 1.000      20    0.78    0.77    0.08    19.0    19.5    0.5   -    -     0.51
100   0   0   0 1.000      20    0.78    0.77    0.08    19.0    19.5    0.5   -    -     0.52
100   0   0   0 1.000      20    0.78    0.77    0.08    19.0    19.5    0.5   -    -     0.53
100   0   0   0 1.000      20    0.78    0.77    0.08    19.0    19.5    0.5   -    -     0.54
100   0   0   0 1.000      20    0.78    0.77    0.08    19.0    19.5    0.5   -    -     0.55
100   0   0   0 1.000      20    0.78    0.77    0.08    19.0    19.5    0.5   -    -     0.56
100   0   0   0 1.000      20    0.78    0.77    0.08    19.0    19.5    0.5   -    -     0.57
100   0   0   0 1.000      20    0.78    0.77    0.08    19.0    19.5    0.5   -    -     0.58
100   0   0   0 1.000      20    0.78    0.77    0.08    19.0    19.5    0.5   -    -     0.59
100   0   0   0 1.000      20    0.78    0.77    0.08    19.0    19.5    0.5   -    -     0.60
100   0   0   0 1.000      20    0.78    0.77    0.08    19.0    19.5    0.5   -    -     0.61
100   0   0   0 1.000      20    0.78    0.77    0.08    19.0    19.5    0.5   -    -     0.62
100   0   0   0 1.000      20    0.78    0.77    0.08    19.0    19.5    0.5   -    -     0.63
100   0   0   0 1.000      20    0.78    0.77    0.08    19.0    19.5    0.5   -    -     0.64
100   0   0   0 1.000      20    0.78    0.77    0.08    19.0    19.5    0.5   -    -     0.65
100   0   0   0 1.000      20    0.78    0.77    0.08    19.0    19.5    0.5   -    -     0.66
100   0   0   0 0.984      20    0.79    0.77    0.08    18.7    19.5    0.5   -    -     0.67
100   0   0   0 0.937      20    0.79    0.77    0.08    17.8    19.5    3.5   -    -     0.68
100   0   0   0 0.932      20    0.79    0.77    0.08    17.7    19.5    3.5   -    -     0.69
100   0   0   0 0.911      20    0.79    0.77    0.07    17.3    19.5    4.5   -    -     0.70
100   0   0   0 0.884      20    0.80    0.77    0.07    16.8    18.5    4.5   -    -     0.71
100   0   0   0 0.789      20    0.81    0.78    0.08    15.0    15.5    5.5   -    -     0.72
100   0   0   0 0.742      20    0.81    0.78    0.08    14.1    15.5    5.5   -    -     0.73
100   0   0   0 0.711      20    0.82    0.78    0.08    13.5    15.5    5.5   -    -     0.74
100   0   0   0 0.653      20    0.82    0.79    0.08    12.4    14.5    5.5   -    -     0.75
100   0   0   0 0.632      20    0.82    0.79    0.08    12.0    13.5    5.5   -    -     0.76
100   0   0   0 0.463      20    0.84    0.82    0.10     8.8     9.5    3.5   -    -     0.77
100   0   0   0 0.379      20    0.86    0.84    0.10     7.2     7.5    3.5   -    -     0.78
100   0   0   0 0.311      20    0.88    0.85    0.09     5.9     5.5    2.5   -    -     0.79
 80  20   0   5 0.279      13    0.89    0.86    0.12     5.3     5.5    2.5   -    -     0.80
 80  20   0  10 0.253      13    0.89    0.88    0.11     4.8     5.5    3.5   -    -     0.81
 80  20   0  10 0.232      13    0.90    0.89    0.11     4.4     5.5    2.5   -    -     0.82
 80  20   0  10 0.205      13    0.91    0.89    0.12     3.9     4.5    2.5   -    -     0.83
 80  20   0  10 0.195      13    0.91    0.89    0.13     3.7     4.5    2.5   -    -     0.84
 50  30  20  10 0.163       6    0.93    0.91    0.11     3.1     3.5    4.5   -    -     0.85
 50  30  20  10 0.137       6    0.94    0.95    0.11     2.6     3.5    3.5   -    -     0.86
 50  30  20  10 0.132       6    0.94    0.96    0.11     2.5     3.5    3.5   -    -     0.87
 30  30  40  10 0.121       4    0.95    0.96    0.09     2.3     2.5    2.5   -    -     0.88
 20  40  40  10 0.095       3    0.97    0.99    0.05     1.8     1.5    2.5   -    -     0.89
 20  40  40  10 0.095       3    0.97    0.99    0.05     1.8     1.5    2.5   -    -     0.90
 20  60  20  15 0.089       3    0.97    0.99    0.04     1.7     1.5    2.5   -    -     0.91
 20  60  20  40 0.074       2    0.98    0.99    0.03     1.4     1.5    3.5   -    -     0.92
 20  60  20  40 0.074       2    0.98    0.99    0.03     1.4     1.5    3.5   -    -     0.93
 20  60  20  40 0.074       2    0.98    0.99    0.03     1.4     1.5    3.5   -    -     0.94
 20  60  20  50 0.068       2    0.99    0.99    0.01     1.3     0.5    3.5   -    -     0.95
 20  60  20  50 0.058       2    0.99    0.99    0.01     1.1     0.5    2.5   -    -     0.96
 20  80   0  55 0.053       2    0.99    0.99    0.01     1.0     0.5    2.5   -    -     0.97
 20  80   0  55 0.053       2    0.99    0.99    0.01     1.0     0.5    2.5   -    -     0.98
 20  80   0  60 0.042       2    1.00    1.00    0.00     0.8     0.5    1.5   -    -     0.99
---------------------------------------------------------------------------------------------
